0.002000	0.153783	0.098003	-0.000015	-0.000337
0.004000	0.179900	0.092522	0.000630	-0.000015
0.006000	0.204082	0.147980	-0.000015	0.000308
0.008000	0.227619	0.167003	0.000308	-0.000337
0.010000	0.253414	0.191507	0.000952	0.000630
0.012000	0.279530	0.232456	0.000308	0.000952
0.014000	0.304035	0.230521	0.000308	0.001275
0.016000	0.327572	0.245353	0.000308	0.000630
0.018000	0.355946	0.275339	-0.000337	0.000308
0.020000	0.379483	0.326282	-0.000015	0.000308
0.022000	0.406245	0.367876	0.000308	-0.000015
0.024000	0.429137	0.400441	-0.000337	-0.000337
0.026000	0.454609	0.309194	0.000630	0.000308
0.028000	0.481693	0.414628	0.000630	0.000308
0.030000	0.505552	0.423333	0.000630	0.000952
0.032000	0.530379	0.435908	0.000308	0.000308
0.034000	0.556819	0.575197	-0.000015	0.000308
0.036000	0.580678	0.524253	-0.000015	0.000308
0.038000	0.606795	0.366908	0.000630	-0.000660
0.040000	0.631622	0.644842	-0.000015	0.000630
0.042000	0.656449	0.604860	0.000308	0.000630
0.044000	0.683855	0.684178	-0.000015	-0.000015
0.046000	0.707715	0.547146	0.000630	0.000952
0.048000	0.732220	0.661930	0.000630	0.001275
0.050000	0.758336	0.837009	0.000630	0.000308
0.052000	0.784453	0.716421	-0.000015	0.000308
0.054000	0.807990	0.608730	-0.000015	0.000630
0.056000	0.837654	0.786388	-0.000337	0.000308
0.058000	0.856355	0.702879	0.000308	-0.000015
0.060000	0.884728	0.899882	0.000630	0.000630
0.062000	0.910523	0.919228	0.001275	0.001275
0.064000	0.934382	0.743505	0.000308	0.001275
0.066000	0.958564	0.853775	-0.000015	0.000630
0.068000	0.985648	0.916971	-0.000660	0.000630
0.070000	1.010153	0.809280	0.000630	0.000630
0.072000	1.037237	0.813472	-0.000015	-0.000015
0.074000	1.060130	1.051102	-0.000015	0.000630
0.076000	1.083989	1.008541	0.000308	-0.000015
0.078000	1.111396	1.049167	0.000308	0.000952
0.080000	1.136545	0.743182	0.000952	0.000308
0.082000	1.162017	1.087858	-0.000015	0.000308
0.084000	1.187489	1.112041	-0.000337	0.000952
0.086000	1.212316	1.133966	-0.000015	0.000630
0.088000	1.236498	1.139769	0.000308	0.000630
0.090000	1.262292	1.282283	-0.000337	-0.000015
0.092000	1.287119	1.003382	-0.000015	0.000630
0.094000	1.313559	1.202643	-0.000015	0.000630
0.096000	1.339998	1.259068	0.000630	0.000630
0.098000	1.362890	1.357409	0.000630	0.000952
0.100000	1.388040	1.222634	-0.000337	0.000308
0.102000	1.412867	1.505081	-0.000015	0.000630
0.104000	1.439951	1.185877	0.000308	-0.000015
0.106000	1.465423	1.249718	-0.000015	0.000308
0.108000	1.489605	1.601165	-0.000015	-0.000015
0.110000	1.514109	1.279381	-0.000015	0.000630
0.112000	1.540871	1.223601	-0.000015	-0.000015
0.114000	1.565376	1.424474	0.000308	0.001597
0.116000	1.589880	1.368049	-0.000015	0.000952
0.118000	1.615997	1.297115	0.000630	-0.000015
0.120000	1.641469	1.445432	0.000630	0.000308
0.122000	1.665974	1.671777	-0.000015	0.000308
0.124000	1.691123	1.527007	0.000308	0.000952
0.126000	1.717562	1.514754	0.000308	0.000630
0.128000	1.742389	1.771730	0.000308	0.000630
0.130000	1.768506	1.864268	0.000630	0.000308
0.132000	1.792366	1.283895	0.000630	0.001275
0.134000	1.816871	1.855562	-0.000337	0.000308
0.136000	1.842020	1.623735	-0.000015	0.000630
0.138000	1.868459	2.172833	-0.000015	0.000630
0.140000	1.893609	1.812357	0.000630	0.000630
0.142000	1.919403	1.866525	-0.000015	0.000308
0.144000	1.944553	1.644693	0.000630	0.000308
0.146000	1.968090	1.864913	0.000308	-0.000015
0.148000	1.992595	1.502824	-0.000015	0.000308
0.150000	2.019356	2.049342	0.000630	0.000630
0.152000	2.044506	2.043216	0.000308	0.000308
0.154000	2.069655	1.829445	-0.000337	0.000308
0.156000	2.097062	1.702408	-0.000015	0.000308
0.158000	2.119309	2.141557	0.000308	0.000308
0.160000	2.146394	2.363066	0.000308	0.000630
0.162000	2.172188	1.742712	-0.000015	0.000630
0.164000	2.196370	2.113183	-0.000015	0.000952
0.166000	2.221842	2.132851	-0.000015	0.000630
0.168000	2.247636	2.261823	-0.000015	-0.000015
0.170000	2.271496	1.990015	-0.000015	-0.000015
0.172000	2.298258	2.157356	-0.000015	0.000630
0.174000	2.321795	2.619076	0.000308	0.000308
0.176000	2.348235	2.185408	0.000630	0.000630
0.178000	2.374029	2.132529	-0.000015	0.000630
0.180000	2.399501	2.474305	0.000308	0.000952
0.182000	2.423361	2.322440	0.000952	0.000630
0.184000	2.450767	2.511707	0.000308	0.000308
0.186000	2.472370	2.285683	-0.000015	0.000308
0.188000	2.499454	2.554590	-0.000015	0.000308
0.190000	2.524926	2.481721	0.000308	-0.000015
0.192000	2.548141	2.940861	-0.000015	-0.000015
0.194000	2.575225	2.443674	0.000308	0.000308
0.196000	2.601342	2.234739	-0.000015	0.000952
0.198000	2.623912	2.544917	0.000308	0.000630
0.200000	2.650996	2.555235	0.000630	0.000630
0.202000	2.677113	2.255052	-0.000015	0.000308
0.204000	2.702908	2.941506	0.000952	0.000308
0.206000	2.727412	2.365001	0.000308	0.000308
0.208000	2.751272	2.408207	-0.000660	0.000630
0.210000	2.777389	3.144315	0.000630	0.000630
0.212000	2.801571	2.573613	0.000630	0.000952
0.214000	2.826399	2.600053	0.000630	0.000952
0.216000	2.852516	2.929899	0.000630	0.000630
0.218000	2.876698	2.743856	-0.000015	0.000308
0.220000	2.900880	2.769973	0.000630	-0.000015
0.222000	2.928609	2.877665	0.000308	0.000630
0.224000	2.952147	2.299870	0.000308	0.000630
0.226000	2.977296	2.983745	0.001275	0.000952
0.228000	3.002446	2.858964	0.000308	0.000952
0.230000	3.000834	2.648739	0.000630	0.000630
0.232000	2.973749	3.153021	0.000952	0.000952
0.234000	2.946343	2.722576	0.000630	0.000630
0.236000	2.917969	2.890240	-0.000015	0.000952
0.238000	2.890240	2.626169	-0.000337	0.000630
0.240000	2.863156	2.695169	0.000308	0.000630
0.242000	2.835749	2.801571	0.000630	0.000630
0.244000	2.810277	2.720319	0.001275	0.000308
0.246000	2.782871	2.441739	0.000630	0.000952
0.248000	2.755464	2.772875	0.000308	0.000630
0.250000	2.727090	2.438515	-0.000015	0.000308
0.252000	2.700328	2.497197	0.000308	0.000308
0.254000	2.673889	2.300193	0.000630	0.000630
0.256000	2.647772	2.480753	-0.000015	0.000308
0.258000	2.620366	2.745791	-0.000015	0.000308
0.260000	2.594571	2.603922	0.000630	-0.000015
0.262000	2.567487	2.155099	0.000308	0.000630
0.264000	2.540403	2.727090	0.000308	0.000630
0.266000	2.513641	2.497842	0.000630	0.000308
0.268000	2.487847	2.481398	0.000630	-0.000015
0.270000	2.459151	2.351459	-0.000337	-0.000015
0.272000	2.434968	2.541693	-0.000015	-0.000015
0.274000	2.407239	2.377253	0.000952	0.000952
0.276000	2.380800	2.231193	0.000308	-0.000015
0.278000	2.355973	2.496552	0.000308	0.000952
0.280000	2.326954	2.147038	0.000308	0.001275
0.282000	2.301160	2.250538	0.000308	0.000308
0.284000	2.274076	2.049665	0.000308	-0.000337
0.286000	2.247959	2.087389	0.000308	0.000630
0.288000	2.220230	2.223132	-0.000015	0.000630
0.290000	2.195403	1.703375	0.000308	-0.000015
0.292000	2.167996	2.070945	-0.000337	-0.000015
0.294000	2.142847	2.115440	0.000630	0.000630
0.296000	2.116085	2.019679	0.000630	0.000308
0.298000	2.089001	2.151552	-0.000015	0.000952
0.300000	2.063207	2.027417	0.000630	0.000952
0.302000	2.038057	2.132529	0.000630	-0.000337
0.304000	2.010651	1.801394	-0.000337	-0.000015
0.306000	1.984856	1.433825	0.000308	0.000630
0.308000	1.956805	1.999043	-0.000015	0.000630
0.310000	1.931655	1.957127	-0.000015	0.000630
0.312000	1.904571	1.561829	-0.000015	0.000630
0.314000	1.877487	1.597941	0.000308	0.000308
0.316000	1.852338	2.071912	-0.000015	0.000630
0.318000	1.826866	1.902314	0.000308	-0.000015
0.320000	1.798814	1.497988	-0.000660	-0.000015
0.322000	1.773665	1.522493	-0.000015	-0.000015
0.324000	1.746258	1.763025	0.000308	0.000952
0.326000	1.720464	1.962286	-0.000015	0.000630
0.328000	1.694992	1.670488	0.000308	0.000308
0.330000	1.667586	1.182652	-0.000015	0.000308
0.332000	1.640502	1.563764	0.000952	0.000308
0.334000	1.615352	1.898445	0.000308	0.000952
0.336000	1.588268	1.361923	0.000630	0.000308
0.338000	1.562474	1.280993	-0.000015	-0.000015
0.340000	1.537002	1.410932	-0.000015	-0.000015
0.342000	1.510240	1.458007	0.000630	-0.000015
0.344000	1.485413	1.681128	0.000630	-0.000015
0.346000	1.458007	1.245204	0.000308	0.000308
0.348000	1.430600	1.154924	0.000308	0.000630
0.350000	1.405451	1.234241	0.000630	0.000630
0.352000	1.378689	1.259391	-0.000015	0.000630
0.354000	1.352572	1.424797	0.000308	0.000630
0.356000	1.328068	1.088181	-0.000337	0.000308
0.358000	1.300984	1.134933	0.000308	0.000630
0.360000	1.274867	1.081732	0.000952	0.000952
0.362000	1.249073	1.487348	-0.000015	0.000308
0.364000	1.221666	1.106237	0.000630	0.000308
0.366000	1.196517	1.458329	0.000308	-0.000015
0.368000	1.171045	1.153634	0.000308	0.000630
0.370000	1.143316	1.016279	-0.000015	-0.000015
0.372000	1.118489	0.879569	0.000630	0.000308
0.374000	1.091083	0.995644	-0.000015	0.000630
0.376000	1.065933	1.229405	-0.000015	0.000952
0.378000	1.039172	1.146863	-0.000015	0.000952
0.380000	1.012733	0.829915	0.000308	0.000952
0.382000	0.985648	0.892789	0.000308	0.000952
0.384000	0.960821	0.900527	0.000308	0.000952
0.386000	0.934060	0.666444	0.000308	-0.000337
0.388000	0.909555	0.827336	0.001275	-0.000015
0.390000	0.883761	0.807990	-0.000337	-0.000015
0.392000	0.857644	0.796383	0.000308	0.000952
0.394000	0.831528	0.789289	0.000630	0.000630
0.396000	0.806378	0.741248	-0.000015	0.000630
0.398000	0.779617	0.681921	0.000952	0.000630
0.400000	0.751888	0.693851	0.000308	0.001275
0.402000	0.728028	0.648066	0.000630	0.000952
0.404000	0.701267	0.591641	-0.000015	0.000308
0.406000	0.675472	0.643874	-0.000337	0.000630
0.408000	0.648388	0.590351	-0.000660	0.000308
0.410000	0.623561	0.497814	0.001275	0.000308
0.412000	0.597767	0.502651	0.000630	0.000308
0.414000	0.571005	0.532314	-0.000015	-0.000015
0.416000	0.545211	0.474277	0.000308	0.000308
0.418000	0.520062	0.467828	0.000308	-0.000015
0.420000	0.494267	0.399151	-0.000015	-0.000015
0.422000	0.467506	0.432039	-0.000337	0.000308
0.424000	0.441712	0.472987	-0.000337	0.000630
0.426000	0.416240	0.263731	-0.000015	0.000308
0.428000	0.390446	0.330152	-0.000337	0.000630
0.430000	0.363684	0.303068	-0.000015	0.000630
0.432000	0.337890	0.301133	-0.000015	0.001597
0.434000	0.313063	0.236002	-0.000015	0.000630
0.436000	0.285334	0.236002	-0.000337	0.000308
0.438000	0.260507	0.201825	0.000308	0.000308
0.440000	0.235035	0.180867	0.000952	0.000952
0.442000	0.209563	0.157652	0.000630	0.000630
0.444000	0.182802	0.122508	-0.000015	0.000952
0.446000	0.157652	0.106386	-0.000015	0.000952
0.448000	0.130891	0.080270	-0.000015	0.000308
0.450000	0.105419	0.058989	-0.000015	0.001275
0.452000	0.079302	0.034807	0.000308	0.000630
0.454000	0.054475	0.012560	-0.000337	-0.000015
0.456000	0.028359	-0.011300	0.000308	-0.000015
0.458000	0.000952	-0.019683	0.000630	-0.000015
0.460000	-0.023230	-0.041931	-0.000015	0.000308
0.462000	-0.052248	-0.081267	0.000952	0.000952
0.464000	-0.074496	-0.095454	0.000630	-0.000015
0.466000	-0.100612	-0.097711	0.000630	-0.000015
0.468000	-0.127374	-0.139626	0.000630	-0.000015
0.470000	-0.152523	-0.141883	-0.000015	0.000630
0.472000	-0.177350	-0.216042	0.000308	0.000630
0.474000	-0.203789	-0.197018	-0.000337	-0.000015
0.476000	-0.229261	-0.230228	-0.000015	0.000308
0.478000	-0.256023	-0.238934	0.000308	0.000308
0.480000	-0.281494	-0.322120	0.000952	0.000308
0.482000	-0.306644	-0.324700	0.000308	0.000308
0.484000	-0.332116	-0.356620	0.000308	0.000630
0.486000	-0.358232	-0.346947	0.000308	0.000308
0.488000	-0.384671	-0.386606	-0.000015	0.000630
0.490000	-0.410143	-0.382092	0.000308	0.000308
0.492000	-0.434648	-0.482689	0.000308	0.000630
0.494000	-0.459797	-0.491073	0.000952	0.001275
0.496000	-0.484302	-0.435293	0.000630	0.000308
0.498000	-0.511708	-0.499778	0.000952	0.000952
0.500000	-0.536212	-0.554268	-0.000015	0.000308
0.502000	-0.562329	-0.527829	-0.000337	0.000630
0.504000	-0.588768	-0.594249	-0.000337	0.000308
0.506000	-0.612950	-0.629394	-0.000015	-0.000015
0.508000	-0.639712	-0.669697	-0.000015	0.000630
0.510000	-0.665506	-0.685819	0.000308	0.000630
0.512000	-0.689366	-0.674534	-0.000015	-0.000015
0.514000	-0.716772	-0.798669	0.000308	0.000630
0.516000	-0.743856	-0.822206	0.000630	0.000308
0.518000	-0.767071	-0.811888	-0.000015	0.000630
0.520000	-0.793832	-0.723543	0.000308	0.000630
0.522000	-0.819949	-0.808019	-0.000015	0.000308
0.524000	-0.846065	-0.851869	-0.000015	0.000630
0.526000	-0.870570	-0.896364	0.000308	0.000308
0.528000	-0.894429	-0.884434	0.000308	0.000952
0.530000	-0.921836	-0.879275	0.000630	0.000630
0.532000	-0.947308	-0.689043	0.000952	0.000630
0.534000	-0.972135	-1.003088	0.000308	0.000308
0.536000	-0.998896	-1.109489	-0.000015	-0.000015
0.538000	-1.023723	-1.012760	0.000308	-0.000015
0.540000	-1.048550	-1.010181	-0.000015	0.000630
0.542000	-1.073699	-0.890883	-0.000015	0.000308
0.544000	-1.099493	-1.137862	0.000308	0.001275
0.546000	-1.125932	-1.340347	0.000308	0.000308
0.548000	-1.151404	-0.928284	-0.000015	0.000952
0.550000	-1.177198	-1.143021	-0.000015	-0.000015
0.552000	-1.203637	-1.469963	0.000308	0.000952
0.554000	-1.228464	-0.975681	0.000630	-0.000015
0.556000	-1.253614	-1.153661	-0.000337	-0.000015
0.558000	-1.280698	-1.486084	0.000308	0.000308
0.560000	-1.306169	-1.168170	0.000952	-0.000337
0.562000	-1.329062	-1.386454	0.000308	0.000308
0.564000	-1.354534	-1.384197	0.000308	0.001597
0.566000	-1.381617	-1.248777	0.000952	0.000630
0.568000	-1.405477	-1.672447	0.000630	0.000630
0.570000	-1.431916	-1.311651	0.000308	0.000308
0.572000	-1.455776	-1.366141	0.000308	0.000308
0.574000	-1.483827	-1.596032	0.000308	0.000952
0.576000	-1.508009	-1.131736	0.000308	-0.000015
0.578000	-1.533481	-1.761759	0.000308	0.000308
0.580000	-1.559597	-1.578298	-0.000015	0.000630
0.582000	-1.585069	-1.807222	0.001275	0.000952
0.584000	-1.609896	-1.584424	0.000630	0.000308
0.586000	-1.635045	-1.836885	-0.000015	0.000308
0.588000	-1.659550	-1.493500	-0.000015	0.000952
0.590000	-1.685989	-1.705657	0.001275	-0.000015
0.592000	-1.713395	-1.541219	0.000308	0.000952
0.594000	-1.736288	-1.855263	0.000630	0.000630
0.596000	-1.761759	-1.715652	0.000952	0.000952
0.598000	-1.789488	-1.735965	0.000630	0.000308
0.600000	-1.812703	-1.640849	0.000630	0.000630
0.602000	-1.838175	-1.649232	-0.000015	-0.000015
0.604000	-1.863969	-1.892342	-0.000337	-0.000015
0.606000	-1.889118	-1.603770	-0.000015	0.000308
0.608000	-1.915557	-1.786586	0.000630	0.000630
0.610000	-1.939739	-1.875254	0.000308	0.000308
0.612000	-1.964888	-1.822053	0.000952	-0.000015
0.614000	-1.990683	-1.908786	0.000308	0.001275
0.616000	-2.016154	-1.984557	0.000630	0.000952
0.618000	-2.044528	-1.955216	-0.000015	0.000630
0.620000	-2.066776	-2.050332	-0.000015	0.000952
0.622000	-2.091602	-2.326329	-0.000337	0.000952
0.624000	-2.116429	-2.035500	-0.000015	-0.000015
0.626000	-2.142868	-1.694050	-0.000015	0.000630
0.628000	-2.168018	-2.087088	0.000630	0.000630
0.630000	-2.192845	-1.996809	0.000630	0.000308
0.632000	-2.217027	-2.536230	-0.000015	0.000308
0.634000	-2.243788	-2.180270	0.000952	-0.000660
0.636000	-2.270872	-2.182849	0.000308	-0.000015
0.638000	-2.296021	-2.600070	0.000308	0.000308
0.640000	-2.317946	-2.039692	0.000308	0.000308
0.642000	-2.345353	-2.045818	0.000952	0.000308
0.644000	-2.367923	-2.276676	0.000630	0.000952
0.646000	-2.395651	-2.360507	0.001275	0.000630
0.648000	-2.421445	-2.176401	0.000630	0.000952
0.650000	-2.444983	-2.369535	0.000952	-0.000015
0.652000	-2.470777	-2.275064	-0.000015	0.000308
0.654000	-2.495926	-2.545902	-0.000337	0.000308
0.656000	-2.520431	-2.189620	-0.000015	-0.000015
0.658000	-2.546547	-2.422413	0.000308	-0.000015
0.660000	-2.571052	-2.274419	0.000952	-0.000015
0.662000	-2.593944	-2.646500	0.001275	0.000630
0.664000	-2.622318	-2.549449	0.000630	-0.000015
0.666000	-2.645532	-2.545258	0.000308	0.000952
0.668000	-2.672294	-1.937160	0.000952	-0.000015
0.670000	-2.697443	-2.866718	0.000308	0.000952
0.672000	-2.720980	-2.361796	-0.000337	0.000630
0.674000	-2.746130	-2.560089	-0.000015	0.000630
0.676000	-2.770634	-3.049534	-0.000337	0.000630
0.678000	-2.796751	-2.649724	-0.000015	-0.000015
0.680000	-2.824480	-2.674873	-0.000015	0.000630
0.682000	-2.847372	-2.707761	-0.000337	0.000630
0.684000	-2.871554	-2.545580	0.000308	0.000308
0.686000	-2.898315	-2.757737	-0.000337	0.000308
0.688000	-2.921530	-2.307306	0.000630	-0.000337
0.690000	-2.949581	-2.972796	0.000952	-0.000337
0.692000	-2.973441	-2.627476	0.000308	0.000308
0.694000	-2.996978	-3.425484	0.000308	0.000952
0.696000	-3.022450	-3.246859	0.000308	0.000308
0.698000	-3.048244	-2.687126	0.000952	0.000952
0.700000	-3.072749	-2.599748	0.000308	0.000630
0.702000	-3.098220	-2.867362	0.000308	0.000308
0.704000	-3.123047	-2.801587	0.000952	0.000308
0.706000	-3.147874	-3.215261	0.000630	0.000308
0.708000	-3.174958	-3.786280	-0.000015	0.000630
0.710000	-3.194948	-3.306831	0.000952	0.000308
0.712000	-3.222355	-3.235574	0.000308	0.000308
0.714000	-3.249116	-3.118856	0.001275	0.000308
0.716000	-3.274588	-3.247504	0.000630	-0.000015
0.718000	-3.297803	-3.349391	-0.000015	0.001275
0.720000	-3.321340	-3.091449	0.000952	0.000308
0.722000	-3.346489	-3.716958	-0.000015	0.000952
0.724000	-3.371639	-3.448699	0.000308	0.000630
0.726000	-3.396143	-3.170444	-0.000015	-0.000015
0.728000	-3.419035	-3.312312	0.000952	0.000630
0.730000	-3.397110	-3.296191	0.000308	0.000630
0.732000	-3.369059	-3.384536	0.001275	0.000308
0.734000	-3.345200	-3.309410	0.000630	-0.000015
0.736000	-3.317793	-3.145940	0.000308	0.000952
0.738000	-3.290065	-3.130463	-0.000337	0.000308
0.740000	-3.263948	-4.185768	-0.000015	0.001275
0.742000	-3.237831	-3.144972	0.000308	-0.000015
0.744000	-3.211392	-3.195593	-0.000015	0.000952
0.746000	-3.184953	-2.766765	0.000308	0.000952
0.748000	-3.160449	-2.970539	0.000630	-0.000015
0.750000	-3.133365	-3.494483	-0.000015	0.001275
0.752000	-3.107893	-2.808681	0.000952	0.000630
0.754000	-3.082421	-2.988917	-0.000015	0.000630
0.756000	-3.055337	-2.988917	-0.000015	0.000308
0.758000	-3.029543	-2.923787	0.000308	0.000308
0.760000	-3.003427	-2.670037	-0.000015	0.000952
0.762000	-2.977955	-3.061786	0.000308	0.000630
0.764000	-2.953128	-3.059207	0.000308	0.000308
0.766000	-2.927011	-2.675518	-0.000015	0.000630
0.768000	-2.902829	-2.765475	0.000308	0.000630
0.770000	-2.874778	-2.306339	-0.000015	0.000630
0.772000	-2.851241	-3.148519	-0.000337	0.000630
0.774000	-2.824802	-2.740004	0.000630	0.000308
0.776000	-2.799330	-2.652303	0.000308	0.000308
0.778000	-2.771601	-2.510758	-0.000015	0.000308
0.780000	-2.747097	-2.428216	0.000308	0.000630
0.782000	-2.722593	-2.865750	-0.000015	0.000952
0.784000	-2.697121	-2.832218	-0.000015	0.000308
0.786000	-2.672616	-2.334713	0.000308	-0.000015
0.788000	-2.646822	-2.279255	0.000308	0.000308
0.790000	-2.621028	-2.726462	0.000308	0.000630
0.792000	-2.596523	-2.570084	-0.000015	0.000308
0.794000	-2.569117	-2.292475	-0.000015	0.000952
0.796000	-2.544613	-3.013099	0.000308	0.000308
0.798000	-2.519786	-2.489800	0.000308	0.000630
0.800000	-2.493992	-2.286026	-0.000015	0.000308
0.802000	-2.467875	-2.607486	-0.000337	-0.000015
0.804000	-2.443048	-2.396941	0.000308	0.000308
0.806000	-2.416932	-2.506566	0.000308	0.000308
0.808000	-2.391137	-2.381787	0.000630	0.000952
0.810000	-2.366310	-1.957473	-0.000015	0.000630
0.812000	-2.340839	-2.311175	-0.000015	0.000630
0.814000	-2.319236	-2.947969	0.000308	0.000952
0.816000	-2.290862	-2.179625	-0.000015	0.000630
0.818000	-2.265713	-2.279255	-0.000015	-0.000015
0.820000	-2.239919	-2.560734	0.000308	-0.000015
0.822000	-2.213480	-2.182849	0.000308	0.000630
0.824000	-2.188331	-2.110303	-0.000015	-0.000337
0.826000	-2.163504	-2.518496	-0.000015	0.000952
0.828000	-2.135130	-1.805932	-0.000015	0.001275
0.830000	-2.111915	-2.427249	0.000308	0.000630
0.832000	-2.087411	-1.723068	0.000308	0.000630
0.834000	-2.062262	-2.291830	0.000630	-0.000337
0.836000	-2.036467	-1.975851	0.000630	0.000952
0.838000	-2.011640	-2.092892	-0.000015	0.000308
0.840000	-1.986814	-1.936515	-0.000337	0.000630
0.842000	-1.961342	-1.754988	0.000308	-0.000015
0.844000	-1.935870	-1.849782	-0.000015	0.000308
0.846000	-1.909753	-2.088056	0.000308	-0.000015
0.848000	-1.884282	-1.518327	-0.000015	0.000308
0.850000	-1.861067	-1.398384	0.000630	0.000630
0.852000	-1.833661	-1.720811	-0.000015	0.000630
0.854000	-1.807866	-1.927164	-0.000015	0.000308
0.856000	-1.782395	-1.879123	0.000630	0.000308
0.858000	-1.758857	-1.333576	0.000630	0.000308
0.860000	-1.731774	-1.709848	0.000308	0.000308
0.862000	-1.706624	-1.549280	0.000630	0.000952
0.864000	-1.684377	-2.100308	0.000308	0.001597
0.866000	-1.656648	-1.336800	-0.000015	0.000308
0.868000	-1.632788	-1.533481	-0.000337	0.000952
0.870000	-1.606994	-1.833661	-0.000337	0.000308
0.872000	-1.579910	-1.286179	0.000952	-0.000337
0.874000	-1.556051	-1.328094	0.000308	0.000308
0.876000	-1.530579	-1.391935	0.000630	0.000308
0.878000	-1.504785	-1.648265	-0.000015	-0.000015
0.880000	-1.479635	-1.499626	0.000308	0.000308
0.882000	-1.455131	-1.347118	0.000308	-0.000015
0.884000	-1.428369	-1.499303	0.000308	0.000630
0.886000	-1.406444	-1.278441	0.000308	0.000630
0.888000	-1.378716	-1.297141	0.000308	-0.000337
0.890000	-1.354211	-1.317777	-0.000337	0.000630
0.892000	-1.329062	-1.494789	0.000308	0.001275
0.894000	-1.301978	-1.088853	0.000308	-0.000337
0.896000	-1.276829	-1.123675	-0.000015	-0.000015
0.898000	-1.254581	-1.339379	0.000630	0.000630
0.900000	-1.227175	-1.233301	0.000308	0.000630
0.902000	-1.201380	-1.293917	0.000308	0.000630
0.904000	-1.176876	-1.118839	0.000630	-0.000015
0.906000	-1.152372	-1.319711	0.000308	0.000308
0.908000	-1.125932	-1.096914	-0.000015	0.000630
0.910000	-1.100461	-1.050807	0.000308	0.000630
0.912000	-1.074666	-0.922481	0.000308	0.000630
0.914000	-1.051452	-1.226207	-0.000015	0.000630
0.916000	-1.026625	-1.189451	-0.000015	-0.000015
0.918000	-0.999541	-0.925060	-0.000660	0.000952
0.920000	-0.974714	-0.932476	-0.000015	0.000952
0.922000	-0.949565	-0.986966	0.000308	0.000952
0.924000	-0.923770	-1.012116	0.000308	0.000308
0.926000	-0.898621	-0.931509	-0.000015	0.000308
0.928000	-0.870570	-0.840907	0.000308	0.000630
0.930000	-0.848645	-0.812210	0.000308	0.000630
0.932000	-0.823818	-0.891850	-0.000015	0.000952
0.934000	-0.799313	-0.953434	0.000308	0.000630
0.936000	-0.773519	-0.770617	0.000308	0.000630
0.938000	-0.747725	-0.766103	-0.000015	-0.000337
0.940000	-0.722576	-0.595539	0.000630	-0.000015
0.942000	-0.698071	-0.662282	0.000308	-0.000015
0.944000	-0.671310	-0.617142	0.000630	0.000308
0.946000	-0.647128	-0.737085	-0.000015	0.000308
0.948000	-0.622623	-0.449479	0.000630	0.000630
0.950000	-0.596506	-0.596184	-0.000337	0.000952
0.952000	-0.571035	-0.739987	0.000630	-0.000015
0.954000	-0.546530	-0.552011	0.000308	0.000630
0.956000	-0.519769	-0.495586	-0.000015	0.000308
0.958000	-0.497199	-0.576838	0.000308	-0.000015
0.960000	-0.470115	-0.478820	-0.000015	0.000630
0.962000	-0.444320	-0.401438	-0.000015	0.000630
0.964000	-0.420461	-0.345980	-0.000015	0.000630
0.966000	-0.395311	-0.425297	0.000630	0.000952
0.968000	-0.369517	-0.472694	-0.000015	0.000952
0.970000	-0.345658	-0.422073	0.000308	0.000308
0.972000	-0.319541	-0.337274	0.000952	0.000630
0.974000	-0.295036	-0.293424	-0.000015	-0.000337
0.976000	-0.268920	-0.223457	0.000630	0.000952
0.978000	-0.243448	-0.269242	0.000308	0.000952
0.980000	-0.216686	-0.260859	0.000952	0.000308
0.982000	-0.192504	-0.197341	0.000630	0.000952
0.984000	-0.168000	-0.163486	0.000308	0.000308
0.986000	-0.143818	-0.146720	-0.000015	-0.000015
0.988000	-0.117379	-0.140271	-0.000015	0.000308
0.990000	-0.091907	-0.137692	-0.000015	-0.000015
0.992000	-0.067080	-0.091907	-0.000015	0.000952
0.994000	-0.041608	-0.072239	0.000308	0.000952
0.996000	-0.015169	-0.041931	0.000308	0.000952
0.998000	0.007723	-0.016136	-0.000015	0.000952
1.000000	0.035130	0.003854	-0.000015	0.000630
1.002000	0.059312	0.026424	0.000630	0.000308
1.004000	0.083172	0.034485	0.000630	0.000308
1.006000	0.109611	0.068340	-0.000015	0.000308
1.008000	0.134760	0.079947	0.000630	0.000952
1.010000	0.159909	0.091555	0.000308	0.000308
1.012000	0.187316	0.109611	0.000308	0.000630
1.014000	0.208919	0.141209	-0.000015	0.000952
1.016000	0.233101	0.151526	-0.000015	0.001275
1.018000	0.260507	0.192152	0.000308	0.000308
1.020000	0.285012	0.259862	-0.000015	0.000630
1.022000	0.309194	0.254703	0.000630	-0.000015
1.024000	0.334988	0.275339	0.000630	0.000308
1.026000	0.361105	0.232778	-0.000015	0.000308
1.028000	0.386576	0.336922	-0.000015	0.000630
1.030000	0.411403	0.316287	0.000308	0.000630
1.032000	0.436230	0.385609	0.000308	0.000630
1.034000	0.460735	0.437520	0.000630	0.000308
1.036000	0.486529	0.496202	-0.000015	0.000630
1.038000	0.512001	0.377548	0.000308	-0.000015
1.040000	0.536828	0.483627	-0.000015	-0.000015
1.042000	0.561655	0.510066	-0.000337	0.000308
1.044000	0.590029	0.512001	-0.000015	0.000630
1.046000	0.613566	0.517160	-0.000015	0.000630
1.048000	0.636781	0.558431	0.000308	0.000630
1.050000	0.662253	0.610342	-0.000015	0.000308
1.052000	0.688047	0.559076	-0.000337	0.000308
1.054000	0.713519	0.558108	0.000630	0.000308
1.056000	0.738668	0.772523	-0.000015	0.000630
1.058000	0.764462	0.676117	-0.000337	0.001275
1.060000	0.788967	0.715453	-0.000015	0.000630
1.062000	0.815084	0.812827	-0.000015	0.000952
1.064000	0.838299	0.712874	-0.000015	0.001275
1.066000	0.864093	0.840556	-0.000015	0.000630
1.068000	0.890854	0.883116	0.000630	0.000630
1.070000	0.914392	0.882149	-0.000015	0.000630
1.072000	0.939541	0.757691	0.000308	-0.000015
1.074000	0.964691	0.966948	0.000308	0.000308
1.076000	0.991452	0.961789	-0.000015	0.000630
1.078000	1.018214	0.874733	0.000630	0.000630
1.080000	1.041429	0.930191	-0.000015	0.000308
1.082000	1.066578	0.859579	0.000630	0.000952
1.084000	1.090115	0.750920	-0.000015	0.000630
1.086000	1.117522	1.034335	-0.000337	0.000630
1.088000	1.142349	1.168143	0.000308	-0.000337
1.090000	1.168466	1.165886	-0.000015	-0.000015
1.092000	1.191680	1.049489	-0.000015	0.000308
1.094000	1.218442	1.095919	-0.000015	0.000630
1.096000	1.243914	1.246816	0.000308	0.000630
1.098000	1.266484	1.082700	0.000630	0.000630
1.100000	1.292923	1.118167	0.000952	0.000308
1.102000	1.319040	1.326133	0.000630	0.000952
1.104000	1.344189	0.647099	-0.000015	-0.000337
1.106000	1.369984	1.442208	0.000308	-0.000015
1.108000	1.394166	1.343867	-0.000015	0.000308
1.110000	1.419960	1.117844	-0.000015	0.000630
1.112000	1.445754	1.537969	-0.000015	0.000308
1.114000	1.469614	1.258101	0.000630	0.000630
1.116000	1.496376	1.447367	0.000308	0.000952
1.118000	1.521203	1.364502	-0.000015	-0.000015
1.120000	1.546030	1.510240	0.000630	-0.000015
1.122000	1.571824	1.375787	0.000630	0.000630
1.124000	1.595684	1.071737	-0.000015	0.000630
1.126000	1.621801	1.804941	0.000308	0.000952
1.128000	1.648562	1.430600	0.000630	0.000952
1.130000	1.672745	1.673389	0.000952	0.000630
1.132000	1.696927	1.643404	-0.000015	0.000630
1.134000	1.722721	1.431890	-0.000015	0.000308
1.136000	1.747548	1.661782	-0.000015	-0.000015
1.138000	1.773665	1.580207	-0.000337	0.000308
1.140000	1.799137	1.476063	0.000308	0.000308
1.142000	1.821062	1.783015	0.000308	0.000952
1.144000	1.849758	1.778501	0.000308	-0.000015
1.146000	1.875230	2.040314	0.000630	0.000630
1.148000	1.900057	1.937137	0.000630	0.000630
1.150000	1.924562	1.572147	0.000952	0.000630
1.152000	1.950034	1.985179	0.000952	-0.000015
1.154000	1.974539	1.933912	-0.000015	-0.000015
1.156000	2.000978	1.766894	0.000630	0.000308
1.158000	2.025805	1.914889	-0.000015	0.000630
1.160000	2.050309	1.728525	0.000630	-0.000337
1.162000	2.076426	2.031931	0.000952	0.000630
1.164000	2.101898	2.182828	0.000630	0.000630
1.166000	2.126080	1.703053	0.000308	0.000630
1.168000	2.151552	1.719819	0.000630	0.000630
1.170000	2.178314	2.225389	-0.000015	0.000308
1.172000	2.203464	1.841053	-0.000337	0.000308
1.174000	2.227968	2.000010	-0.000015	0.000630
1.176000	2.252473	2.402080	0.000630	0.000630
1.178000	2.279879	2.140267	0.000308	0.000630
1.180000	2.303739	1.955193	0.000630	0.000630
1.182000	2.327922	2.334048	-0.000015	0.000952
1.184000	2.354038	2.215394	-0.000015	-0.000337
1.186000	2.378543	1.795590	-0.000015	0.000952
1.188000	2.404015	2.025482	0.000308	0.000308
1.190000	2.430132	2.616496	-0.000015	0.000308
1.192000	2.454959	2.132851	0.000308	0.000630
1.194000	2.481076	2.011940	0.000308	0.000630
1.196000	2.505258	2.579739	0.000308	0.000630
1.198000	2.530730	2.245379	0.000952	0.000952
1.200000	2.555235	2.408529	0.000952	0.000308
1.202000	2.581352	2.898301	0.000952	0.000308
1.204000	2.606179	2.242155	0.000308	0.000630
1.206000	2.632618	1.916824	-0.000015	0.000308
1.208000	2.656155	2.820595	-0.000015	0.000308
1.210000	2.681950	2.122856	0.000308	0.000308
1.212000	2.707422	2.315024	0.000952	0.000308
1.214000	2.732571	3.057581	0.000630	0.001597
1.216000	2.758043	2.602954	-0.000015	0.000952
1.218000	2.783515	2.538146	0.000952	-0.000015
1.220000	2.808665	2.758366	-0.000337	0.000952
1.222000	2.832525	2.759656	0.000308	0.000308
1.224000	2.857674	2.601020	-0.000015	0.001275
1.226000	2.882502	2.635197	0.000308	0.000308
1.228000	2.909908	2.657768	0.000308	0.000308
1.230000	2.933123	2.956983	0.000952	0.000308
1.232000	2.956983	2.532665	0.000308	0.000630
1.234000	2.981810	2.489137	0.000308	0.000308
1.236000	3.006637	2.996642	-0.000337	0.000308
1.238000	2.994063	2.910875	-0.000015	-0.000337
1.240000	2.965689	3.130451	-0.000337	0.000308
1.242000	2.938282	2.670665	0.000308	0.000308
1.244000	2.911198	2.833492	0.000308	0.000952
1.246000	2.885081	2.565875	-0.001305	0.000952
1.248000	2.855740	2.404660	0.000308	0.000630
1.250000	2.828011	2.942151	0.000630	0.000308
1.252000	2.801249	2.533309	0.000308	0.000630
1.254000	2.775777	2.563295	0.000308	0.000308
1.256000	2.746113	1.624380	0.000308	0.000630
1.258000	2.723543	2.553300	-0.000015	0.000308
1.260000	2.694525	2.778356	0.000630	-0.000015
1.262000	2.668730	1.850403	0.000630	0.000630
1.264000	2.640034	2.503968	0.000952	0.000952
1.266000	2.613917	2.794478	0.000308	0.000630
1.268000	2.586833	2.406594	0.000630	0.000952
1.270000	2.559749	2.465599	0.000308	0.000308
1.272000	2.535244	2.682272	-0.000015	0.000630
1.274000	2.507193	1.974539	-0.000015	-0.000015
1.276000	2.479786	2.352426	0.000308	0.000308
1.278000	2.455926	2.733539	0.000630	0.000308
1.280000	2.426585	2.396922	-0.000015	0.000952
1.282000	2.400468	1.846534	0.000308	0.000952
1.284000	2.373384	2.309865	-0.000015	0.000308
1.286000	2.347912	1.835894	0.000308	-0.000337
1.288000	2.319861	2.465599	-0.000015	-0.000337
1.290000	2.294066	2.163482	-0.000337	-0.000015
1.292000	2.265693	1.914567	0.000952	-0.000015
1.294000	2.241510	1.832670	0.000308	0.000630
1.296000	2.214749	2.326309	-0.000015	0.000630
1.298000	2.187987	2.173800	0.000308	0.000952
1.300000	2.160258	1.836861	0.000308	-0.000015
1.302000	2.134786	2.046763	-0.000015	0.000308
1.304000	2.108347	2.555235	-0.000015	-0.000015
1.306000	2.082552	2.039669	-0.000015	-0.000015
1.308000	2.055791	1.567310	0.000630	0.000630
1.310000	2.029029	1.869749	0.000630	-0.000015
1.312000	2.003880	2.122856	0.000952	0.000952
1.314000	1.975506	1.598263	0.000308	0.000308
1.316000	1.951324	1.812357	0.000630	0.000308
1.318000	1.922950	2.204753	0.000952	0.000952
1.320000	1.897155	1.684997	0.000630	0.000308
1.322000	1.870716	1.600198	0.000308	0.000308
1.324000	1.843955	1.657268	0.000308	0.000308
1.326000	1.817838	1.760123	0.000630	0.001275
1.328000	1.793011	1.691768	0.000952	0.000630
1.330000	1.765604	1.310012	0.000630	0.000308
1.332000	1.738843	1.966155	0.000630	0.000630
1.334000	1.711759	1.579885	0.000308	0.000630
1.336000	1.687254	1.720464	-0.000015	0.000630
1.338000	1.660170	1.429311	0.000308	0.000308
1.340000	1.634376	1.245204	-0.000015	0.000630
1.342000	1.607614	1.632441	-0.000337	0.000952
1.344000	1.582142	1.925852	0.000630	-0.000015
1.346000	1.557315	1.596651	-0.000337	0.000308
1.348000	1.528296	1.197484	0.000308	0.000952
1.350000	1.500567	1.518623	0.000308	0.000308
1.352000	1.478320	1.482834	0.000630	0.000308
1.354000	1.449946	1.386750	0.000308	0.000630
1.356000	1.426086	1.460264	0.000630	-0.000015
1.358000	1.398680	1.189101	0.000308	0.000308
1.360000	1.371918	1.294858	-0.000015	0.000630
1.362000	1.347414	1.193937	-0.000015	0.000952
1.364000	1.318395	1.300339	0.000952	0.000630
1.366000	1.293246	1.210704	-0.000015	0.000308
1.368000	1.267129	1.132354	0.000630	0.000308
1.370000	1.241335	1.147185	0.000308	-0.000015
1.372000	1.214895	1.236498	0.000308	0.000308
1.374000	1.189423	1.132354	-0.000015	0.000952
1.376000	1.162017	1.277769	0.000308	0.000308
1.378000	1.138157	1.096242	0.000630	0.000630
1.380000	1.112363	0.990485	0.000308	0.000630
1.382000	1.084634	0.957597	0.000308	0.000630
1.384000	1.058517	1.062064	0.000308	-0.000015
1.386000	1.032723	1.011120	0.000308	0.000630
1.388000	1.007251	0.870541	-0.000337	0.000630
1.390000	0.980167	1.009186	-0.000015	-0.000015
1.392000	0.954695	0.948247	0.000630	0.000630
1.394000	0.928256	0.782196	0.000308	0.000308
1.396000	0.902784	0.747696	0.000308	-0.000337
1.398000	0.875055	0.743827	-0.000015	0.000952
1.400000	0.850551	0.952438	-0.000015	-0.000015
1.402000	0.824112	0.724481	0.000308	0.000952
1.404000	0.798640	0.719323	0.000630	-0.000015
1.406000	0.771878	0.719645	0.000308	0.000308
1.408000	0.745439	0.653225	0.000630	0.000308
1.410000	0.720612	0.700622	0.000308	0.000308
1.412000	0.694496	0.708682	0.000308	0.000308
1.414000	0.667412	0.542954	0.000630	0.001275
1.416000	0.641295	0.641617	-0.000337	0.000630
1.418000	0.617113	0.547468	-0.000015	0.000630
1.420000	0.590996	0.600024	0.000630	-0.000015
1.422000	0.564557	0.492655	-0.000015	0.000308
1.424000	0.537150	0.439777	-0.000015	0.000630
1.426000	0.510711	0.362394	0.000308	-0.000337
1.428000	0.488464	0.413338	-0.000337	0.000952
1.430000	0.460413	0.387221	0.000630	0.000630
1.432000	0.434941	0.445903	0.000308	-0.000015
1.434000	0.406889	0.402375	0.000308	0.000630
1.436000	0.382707	0.284044	0.000308	0.000630
1.438000	0.356268	0.291783	0.000308	0.000952
1.440000	0.331119	0.277918	-0.000015	0.000630
1.442000	0.305002	0.297586	0.000630	0.000630
1.444000	0.279853	0.156685	0.000308	0.000308
1.446000	0.253736	0.142498	0.000308	0.000952
1.448000	0.228264	0.199891	0.000630	0.000308
1.450000	0.201503	0.219236	0.000308	0.000952
1.452000	0.176998	0.138629	-0.000015	0.000308
1.454000	0.149914	0.098003	-0.000337	0.000308
1.456000	0.125087	0.074788	0.000630	-0.000337
1.458000	0.097036	0.058022	0.000308	-0.000015
1.460000	0.072854	0.028036	0.000308	0.000308
1.462000	0.046415	0.012560	0.000952	0.000308
1.464000	0.017719	-0.020005	0.000630	0.000630
1.466000	-0.006463	-0.026132	-0.000015	0.000952
1.468000	-0.030323	-0.043543	-0.000337	0.000630
1.470000	-0.056440	-0.067080	-0.000660	-0.000015
1.472000	-0.082234	-0.085458	-0.000337	0.000308
1.474000	-0.108028	-0.102547	0.000308	0.000630
1.476000	-0.134145	-0.145430	-0.000015	0.000630
1.478000	-0.159294	-0.172191	0.000308	-0.000015
1.480000	-0.184444	-0.194116	0.000952	0.000952
1.482000	-0.211205	-0.201532	0.000630	0.000952
1.484000	-0.236032	-0.216042	0.000308	0.000308
1.486000	-0.263438	-0.273111	-0.000337	0.000952
1.488000	-0.289233	-0.265051	-0.000660	0.000630
1.490000	-0.313415	-0.312770	0.000630	0.000308
1.492000	-0.340499	-0.374031	-0.000015	0.000630
1.494000	-0.365003	-0.362424	-0.000015	0.000630
1.496000	-0.390797	-0.360489	0.000952	0.000952
1.498000	-0.417559	-0.426909	-0.000015	0.000630
1.500000	-0.442708	-0.464311	0.000308	-0.000015
1.502000	-0.465923	-0.388863	0.000308	-0.000337
1.504000	-0.493329	-0.561684	-0.000015	0.001275
1.506000	-0.517189	-0.496231	0.000308	0.000308
1.508000	-0.544596	-0.607146	-0.000337	-0.000015
1.510000	-0.567488	-0.594894	0.000308	0.000952
1.512000	-0.594894	-0.534923	-0.000015	0.000630
1.514000	-0.622623	-0.552011	0.000308	0.000630
1.516000	-0.646805	-0.696459	0.000308	0.000308
1.518000	-0.671954	-0.640357	-0.000015	-0.000015
1.520000	-0.697749	-0.599408	-0.000660	0.000308
1.522000	-0.723543	-0.569422	-0.000015	0.000630
1.524000	-0.749337	-0.718062	0.000630	-0.000337
1.526000	-0.775454	-0.743533	0.000308	0.000308
1.528000	-0.798991	-0.989868	0.000630	0.000630
1.530000	-0.825752	-0.927962	0.000308	0.000630
1.532000	-0.852514	-0.857028	-0.000015	0.000952
1.534000	-0.877986	-0.807696	0.000952	0.000308
1.536000	-0.902490	-0.917322	0.000630	0.000952
1.538000	-0.927962	-0.763201	-0.000015	0.000308
1.540000	-0.954079	-1.042101	-0.000015	-0.000337
1.542000	-0.980518	-1.133993	0.000308	0.000308
1.544000	-1.003088	-1.110778	0.000952	-0.000015
1.546000	-1.030171	-0.774164	-0.000015	0.000308
1.548000	-1.057900	-1.045970	0.000952	0.000952
1.550000	-1.084017	-1.203637	0.000308	0.000630
1.552000	-1.106587	-0.867668	0.000952	0.000308
1.554000	-1.133671	-1.322936	0.000308	0.000308
1.556000	-1.158820	-1.568303	0.000308	0.000630
1.558000	-1.184614	-0.950209	-0.000660	-0.000015
1.560000	-1.209764	-1.019209	0.000308	0.000308
1.562000	-1.233946	-1.514135	0.000308	0.000952
1.564000	-1.260062	-1.026625	0.000630	-0.000015
1.566000	-1.286501	-1.325515	-0.000337	0.000308
1.568000	-1.311006	-1.296497	0.000630	-0.000015
1.570000	-1.337445	-1.215890	0.000952	0.000308
1.572000	-1.361949	-1.157530	-0.000660	-0.000015
1.574000	-1.388066	-1.327450	0.000308	0.001275
1.576000	-1.412893	-1.343249	0.000308	0.000308
1.578000	-1.438042	-1.563144	-0.000015	0.000952
1.580000	-1.464481	-1.402253	0.000630	0.000308
1.582000	-1.489631	-1.199446	-0.000015	0.000308
1.584000	-1.514780	-1.266833	0.000630	0.001275
1.586000	-1.541864	-1.638914	0.000308	0.000308
1.588000	-1.566691	-1.675349	0.000630	-0.000015
1.590000	-1.591840	-1.140119	0.000308	-0.000015
1.592000	-1.618279	-2.109336	0.000630	0.000952
1.594000	-1.640849	-1.253614	0.000630	0.000952
1.596000	-1.667288	-1.730484	0.000630	0.000630
1.598000	-1.694694	-1.607317	0.000952	0.000630
1.600000	-1.718876	-1.840432	0.000308	0.000952
1.602000	-1.744671	-1.697274	0.000630	0.000308
1.604000	-1.771110	-1.729517	0.000308	-0.000015
1.606000	-1.794647	-1.941674	-0.000337	0.000308
1.608000	-1.820119	-1.814315	-0.000015	0.000308
1.610000	-1.845913	-1.744026	0.000952	0.000308
1.612000	-1.870095	-1.995197	0.000630	-0.000015
1.614000	-1.895244	-1.768530	0.000308	0.000630
1.616000	-1.922006	-2.508178	0.000630	-0.000015
1.618000	-1.947800	-1.883314	0.000308	0.000308
1.620000	-1.971982	-2.073869	0.000308	0.000308
1.622000	-1.996164	-1.673414	0.000630	0.000308
1.624000	-2.022925	-2.124490	0.000308	0.000308
1.626000	-2.048075	-1.983589	0.000308	0.000308
1.628000	-2.072902	-1.916202	0.000630	0.000630
1.630000	-2.098696	-2.048720	0.000308	0.000952
1.632000	-2.123845	-1.619246	0.000952	0.000630
1.634000	-2.150284	-2.457557	0.000630	0.000630
1.636000	-2.174789	-2.307306	-0.000015	0.000952
1.638000	-2.199616	-2.403390	0.000308	0.000952
1.640000	-2.224120	-2.041949	-0.000337	0.000308
1.642000	-2.249914	-2.091925	-0.000337	0.000308
1.644000	-2.274741	-2.744518	0.000630	0.000630
1.646000	-2.300535	-2.133196	0.000308	0.000308
1.648000	-2.327297	-2.432730	0.000952	0.000308
1.650000	-2.351156	-1.951669	0.000630	0.001275
1.652000	-2.377595	-2.372114	-0.000015	0.000308
1.654000	-2.402422	-2.387591	-0.000660	0.000630
1.656000	-2.426604	-2.541388	-0.000015	-0.000015
1.658000	-2.452721	-2.371469	0.000952	0.000630
1.660000	-2.475613	-2.437889	0.000308	-0.000015
1.662000	-2.501407	-2.697121	0.000952	0.000630
1.664000	-2.526557	-2.242821	0.000630	0.000952
1.666000	-2.551706	-3.067912	0.000630	0.000308
1.668000	-2.580080	-3.007296	0.000630	0.000308
1.670000	-2.603939	-2.234115	-0.000015	-0.000015
1.672000	-2.628121	-2.521076	0.000952	0.000630
1.674000	-2.652626	-2.790947	-0.000015	-0.000015
1.676000	-2.678420	-2.296989	-0.000660	0.000630
1.678000	-2.703569	-2.539454	0.000630	0.000308
1.680000	-2.729041	-2.885418	0.000308	0.000630
1.682000	-2.753868	-2.659074	-0.000015	0.000630
1.684000	-2.780952	-2.980534	0.000308	0.000308
1.686000	-2.804489	-2.676163	-0.000015	0.000952
1.688000	-2.828994	-2.730976	-0.000015	0.000308
1.690000	-2.851886	-2.701957	0.000308	0.000308
1.692000	-2.879615	-2.588785	0.000952	0.001275
1.694000	-2.903797	-3.086613	0.000308	0.000630
1.696000	-2.928624	-2.304404	-0.000015	0.001275
1.698000	-2.954095	-3.178182	-0.000015	0.000630
1.700000	-2.980212	-2.862848	0.000308	0.000630
1.702000	-3.005039	-2.775471	-0.000015	0.000308
1.704000	-3.029221	-2.992464	-0.000015	0.000630
1.706000	-3.056305	-2.895414	0.000630	-0.000015
1.708000	-3.079519	-3.142715	0.000308	-0.000015
1.710000	-3.105636	-3.170444	0.000630	-0.000015
1.712000	-3.127884	-2.871231	-0.000337	0.001275
1.714000	-3.154000	-2.727107	0.000308	0.000952
1.716000	-3.180762	-3.071459	0.000308	-0.000015
1.718000	-3.201397	-2.684546	-0.000015	0.000952
1.720000	-3.229771	-3.103702	0.000308	-0.000015
1.722000	-3.253308	-3.104024	-0.000337	0.000952
1.724000	-3.280392	-3.647636	-0.000015	-0.000015
1.726000	-3.303929	-3.328111	0.000630	0.000308
1.728000	-3.327466	-3.226224	0.000308	0.000308
1.730000	-3.355517	-2.917016	0.000308	0.000630
1.732000	-3.377120	-2.836732	0.000630	-0.000015
1.734000	-3.402592	-3.544460	0.000308	0.000308
1.736000	-3.426129	-3.287163	-0.000337	0.000630
1.738000	-3.389695	-3.257499	0.000630	0.000308
1.740000	-3.363900	-3.316181	0.000308	0.001275
1.742000	-3.336816	-3.651506	-0.000337	0.000630
1.744000	-3.312312	-3.660856	-0.000015	0.000308
1.746000	-3.281681	-3.238154	-0.000015	-0.000015
1.748000	-3.258467	-2.881872	0.000630	0.000308
1.750000	-3.232995	-3.129818	-0.000015	0.000630
1.752000	-3.207846	-3.106281	-0.000015	0.000308
1.754000	-3.180439	-3.191079	0.000630	0.000308
1.756000	-3.154967	-3.125627	-0.000337	0.000308
1.758000	-3.128206	-2.907021	0.000630	-0.000337
1.760000	-3.102089	-2.975053	-0.000015	0.000630
1.762000	-3.076940	-3.218163	0.000308	0.000630
1.764000	-3.050179	-2.823190	0.000308	0.000952
1.766000	-3.027609	-3.385825	-0.000337	0.000630
1.768000	-3.000847	-3.277167	0.000630	0.000308
1.770000	-2.973441	-3.421937	-0.000337	0.000630
1.772000	-2.947647	-2.666168	0.000308	-0.000015
1.774000	-2.922175	-2.706471	-0.000015	0.000630
1.776000	-2.896381	-3.279747	0.000952	0.000630
1.778000	-2.869619	-2.957320	0.000630	0.000952
1.780000	-2.844470	-2.763863	0.000630	0.000630
1.782000	-2.819966	-2.809003	0.000952	0.000308
1.784000	-2.791914	-2.909278	0.000308	0.001275
1.786000	-2.767087	-2.541066	0.000308	-0.000015
1.788000	-2.742261	-2.360829	-0.000337	0.000630
1.790000	-2.716466	-2.730008	-0.000337	-0.000337
1.792000	-2.693897	-2.628766	-0.000015	0.000308
1.794000	-2.666490	-2.749032	-0.000660	0.000630
1.796000	-2.639406	-2.732588	0.000630	0.000630
1.798000	-2.616192	-2.142546	0.000630	-0.000015
1.800000	-2.589430	-3.005684	0.000308	0.000952
1.802000	-2.564926	-2.573631	0.000630	0.000630
1.804000	-2.538164	-2.403712	0.000308	-0.000015
1.806000	-2.512692	-2.432730	-0.000015	0.000630
1.808000	-2.488510	-2.451754	-0.000015	0.000952
1.810000	-2.461749	-2.349867	-0.000015	0.000630
1.812000	-2.438857	-2.540421	0.000630	0.000952
1.814000	-2.412095	-2.708083	0.000630	-0.000337
1.816000	-2.387268	-2.181560	-0.000337	0.000630
1.818000	-2.361796	-2.332133	0.000630	-0.000015
1.820000	-2.335357	-2.272162	0.000308	0.000630
1.822000	-2.311820	-2.323750	0.000308	-0.000015
1.824000	-2.283769	-1.997131	-0.000015	0.000308
1.826000	-2.260877	-2.946035	0.000630	0.001275
1.828000	-2.231858	-2.158022	0.000630	0.000952
1.830000	-2.208321	-1.793035	0.000308	0.000952
1.832000	-2.183494	-1.813025	0.000630	0.000308
1.834000	-2.158345	-2.201873	0.000630	0.000308
1.836000	-2.133840	-2.185106	-0.000015	0.000308
1.838000	-2.107401	-1.783362	0.000308	0.001275
1.840000	-2.082252	-1.876221	0.000308	0.000308
1.842000	-2.058392	-1.971015	0.000952	0.000630
1.844000	-2.031953	-2.133196	0.000308	0.000308
1.846000	-2.005514	-2.253138	0.000308	0.000630
1.848000	-1.981010	-1.649555	0.000308	0.000952
1.850000	-1.955861	-2.032598	0.000308	0.000952
1.852000	-1.927809	-1.688246	0.000308	-0.000015
1.854000	-1.905562	-2.020991	0.000630	0.000630
1.856000	-1.878800	-1.854296	0.000630	-0.000015
1.858000	-1.854941	-1.876221	0.000308	0.000630
1.860000	-1.828824	-1.578298	-0.000337	0.000952
1.862000	-1.803352	-1.757568	0.000308	0.000308
1.864000	-1.778848	-1.500916	0.000308	0.000952
1.866000	-1.753054	-1.972949	0.000308	0.000630
1.868000	-1.727582	-1.900081	0.000952	0.000308
1.870000	-1.703400	-2.057425	0.000308	-0.000337
1.872000	-1.675671	-1.417729	-0.000015	0.000630
1.874000	-1.652134	-1.812703	-0.000015	0.000952
1.876000	-1.626662	-1.563789	0.000308	-0.000015
1.878000	-1.599901	-1.583779	0.000308	0.000630
1.880000	-1.574429	-1.380328	-0.000015	0.000308
1.882000	-1.551859	-1.527355	0.000952	0.001275
1.884000	-1.525742	-1.714685	-0.000015	0.000952
1.886000	-1.499303	-1.419341	-0.000337	-0.000660
1.888000	-1.475121	-1.567658	0.000630	0.000308
1.890000	-1.447715	-1.404832	-0.000337	0.000308
1.892000	-1.426435	-1.437397	0.000630	0.000630
1.894000	-1.397739	-1.463836	0.000308	0.000630
1.896000	-1.373879	-1.189451	-0.000015	-0.000015
1.898000	-1.350342	-1.527032	0.000308	-0.000015
1.900000	-1.322613	-0.857673	0.000630	0.000630
1.902000	-1.298109	-1.351632	0.000952	0.000952
1.904000	-1.272315	-1.167848	0.000308	0.000308
1.906000	-1.245875	-1.065316	-0.000015	0.000308
1.908000	-1.222661	-1.817217	0.000308	0.000630
1.910000	-1.196544	-0.968910	-0.000015	0.000630
1.912000	-1.171395	-1.018242	-0.000015	0.000308
1.914000	-1.146568	-1.222016	0.000630	0.000952
1.916000	-1.122063	-1.182035	0.000630	0.000952
1.918000	-1.098204	-0.851869	0.000630	0.000952
1.920000	-1.069830	-1.317132	0.000630	0.000630
1.922000	-1.044358	-0.916999	-0.000015	0.000630
1.924000	-1.020499	-0.877986	-0.000015	0.000952
1.926000	-0.995349	-1.049517	0.000308	0.000308
1.928000	-0.967943	-0.980518	0.000308	0.000630
1.930000	-0.945695	-0.751272	0.000630	0.001275
1.932000	-0.919579	-0.966008	0.000308	0.000952
1.934000	-0.894107	-0.694202	-0.000015	0.000308
1.936000	-0.869603	-0.775454	-0.000015	-0.000015
1.938000	-0.843808	-0.933766	-0.000015	-0.000015
1.940000	-0.818014	-0.757075	0.000308	-0.000015
1.942000	-0.793187	-0.901200	-0.000015	0.000952
1.944000	-0.767393	-0.610693	0.000308	0.000308
1.946000	-0.742244	-0.784482	0.000952	0.000952
1.948000	-0.718062	-0.714192	0.000630	0.000308
1.950000	-0.691623	-0.725800	-0.000015	0.000308
1.952000	-0.667763	-0.573292	-0.000337	0.000952
1.954000	-0.642291	-0.575226	0.000630	0.000308
1.956000	-0.617142	-0.575549	-0.000337	0.000952
1.958000	-0.592315	-0.469147	0.000308	-0.000015
1.960000	-0.566198	-0.665828	-0.000660	0.000630
1.962000	-0.540404	-0.585221	0.000630	0.000952
1.964000	-0.517189	-0.524283	0.000308	0.000952
1.966000	-0.491073	-0.485269	0.000630	0.000308
1.968000	-0.465923	-0.502680	0.000308	-0.000015
1.970000	-0.441741	-0.532343	0.000308	0.000630
1.972000	-0.414657	-0.409821	-0.000015	-0.000015
1.974000	-0.390797	-0.364036	0.000630	-0.000015
1.976000	-0.366615	-0.387251	-0.000015	0.000308
1.978000	-0.338242	-0.397246	0.000308	0.000952
1.980000	-0.314060	-0.302452	0.000952	0.000630
1.982000	-0.289878	-0.281172	0.000308	-0.000015
1.984000	-0.263438	-0.277303	-0.000015	0.000308
1.986000	-0.237322	-0.269242	-0.000015	0.000630
1.988000	-0.214429	-0.211205	0.000630	-0.000015
1.990000	-0.187023	-0.207336	0.000308	0.000630
1.992000	-0.163486	-0.198953	-0.000015	0.000308
1.994000	-0.138336	-0.176383	0.000630	0.000308
1.996000	-0.111253	-0.133178	0.000952	0.000308
1.998000	-0.087393	-0.115767	0.000308	0.000630
2.000000	-0.062566	-0.078042	-0.000015	0.001275


