0.000010	0.153461	-0.867023	0.000630	0.000308
0.000020	0.163456	-0.875406	0.000630	-0.000015
0.000030	0.175064	-0.877663	0.000308	0.000308
0.000040	0.186993	-0.868958	0.000308	0.000308
0.000050	0.196666	-0.864121	0.000308	0.000630
0.000060	0.207306	-0.871215	-0.000015	0.000308
0.000070	0.219236	-0.878631	-0.000015	0.000952
0.000080	0.228587	-0.876696	0.000308	0.000308
0.000090	0.244063	-0.864766	0.000630	-0.000015
0.000100	0.254381	-0.867990	-0.000015	0.000630
0.000110	0.264376	-0.881855	0.000308	-0.000015
0.000120	0.273404	-0.883145	0.000308	0.000308
0.000130	0.285334	-0.869603	0.000308	0.001597
0.000140	0.295007	-0.863799	0.000630	0.000308
0.000150	0.306292	-0.871215	-0.000337	0.000630
0.000160	0.317899	-0.870570	0.000952	0.000630
0.000170	0.327572	-0.864444	-0.000015	-0.000337
0.000180	0.338857	-0.861864	0.000630	0.000308
0.000190	0.350464	-0.860252	0.000308	0.000630
0.000200	0.361105	-0.854771	-0.000337	-0.000015
0.000210	0.372067	-0.855093	0.000952	0.000308
0.000220	0.383352	-0.856383	0.000308	0.000630
0.000230	0.394315	-0.857350	-0.000015	0.000630
0.000240	0.403343	-0.851869	-0.000015	0.000952
0.000250	0.414628	-0.850579	0.000630	0.000630
0.000260	0.426235	-0.847677	0.000630	-0.000015
0.000270	0.437198	-0.845421	-0.000015	0.000308
0.000280	0.448160	-0.847355	0.000308	0.000630
0.000290	0.458800	-0.843486	-0.000015	-0.000015
0.000300	0.469763	-0.837360	0.000630	0.000630
0.000310	0.481370	-0.837682	0.000952	0.000952
0.000320	0.491688	-0.846710	-0.000015	0.000308
0.000330	0.502651	-0.844776	0.000308	-0.000015
0.000340	0.512968	-0.839939	0.000308	-0.000337
0.000350	0.524898	-0.840907	0.000308	0.000630
0.000360	0.535216	-0.840907	0.000308	0.000952
0.000370	0.545856	-0.844776	-0.000015	-0.000015
0.000380	0.556174	-0.841229	0.000630	0.000952
0.000390	0.567781	-0.838327	0.000308	0.000630
0.000400	0.578421	-0.835103	-0.000015	-0.000015
0.000410	0.589706	-0.831879	-0.000015	0.000308
0.000420	0.600346	-0.825752	-0.000015	0.000952
0.000430	0.611309	-0.820271	0.000630	0.000630
0.000440	0.622272	-0.819949	-0.000015	0.000308
0.000450	0.633879	-0.824463	0.000308	-0.000015
0.000460	0.644519	-0.825430	0.000630	-0.000015
0.000470	0.654514	-0.823173	0.000308	0.000630
0.000480	0.666444	-0.821883	-0.000337	0.000630
0.000490	0.677407	-0.820594	0.000630	-0.000337
0.000500	0.688047	-0.823495	-0.000015	0.000308
0.000510	0.698687	-0.818014	-0.000015	0.000308
0.000520	0.709972	-0.812855	0.000630	0.000630
0.000530	0.720290	-0.809953	0.000308	0.000308
0.000540	0.731252	-0.813500	0.000308	-0.000337
0.000550	0.741892	-0.809631	-0.000337	-0.000015
0.000560	0.752533	-0.800603	-0.000015	0.000952
0.000570	0.764462	-0.799313	-0.000015	0.000308
0.000580	0.775103	-0.800603	-0.000015	0.000308
0.000590	0.785098	-0.800281	0.000630	-0.000015
0.000600	0.796060	-0.795767	0.000630	-0.000015
0.000610	0.806701	-0.791253	0.000308	0.000630
0.000620	0.818953	-0.794477	0.000308	0.000630
0.000630	0.830238	-0.795444	-0.000015	-0.000015
0.000640	0.840556	-0.790608	0.000308	0.000630
0.000650	0.850551	-0.784804	-0.000015	0.000308
0.000660	0.861513	-0.785771	-0.000015	-0.000015
0.000670	0.871186	-0.788673	0.000308	0.000308
0.000680	0.882794	-0.788673	-0.000337	0.000630
0.000690	0.894401	-0.783514	0.000630	0.000308
0.000700	0.904719	-0.780290	-0.000015	-0.000015
0.000710	0.916004	-0.780290	-0.000337	0.000308
0.000720	0.926966	-0.777388	0.000630	0.000630
0.000730	0.937607	-0.773842	0.000308	0.000952
0.000740	0.948892	-0.770295	0.000308	0.000308
0.000750	0.959532	-0.771907	0.000308	0.000630
0.000760	0.971784	-0.768683	0.000308	0.000630
0.000770	0.981779	-0.767071	-0.000337	0.000308
0.000780	0.991775	-0.763524	0.000308	0.000308
0.000790	1.002737	-0.766103	-0.000015	-0.000015
0.000800	1.014022	-0.767071	-0.000015	-0.000337
0.000810	1.024985	-0.754496	0.000308	0.000308
0.000820	1.035947	-0.745790	-0.000015	0.000308
0.000830	1.047232	-0.741921	-0.000015	-0.000015
0.000840	1.057550	-0.743856	0.000308	0.000952
0.000850	1.068190	-0.749337	-0.000015	0.000630
0.000860	1.078508	-0.746113	0.000308	0.000308
0.000870	1.089148	-0.736118	0.000308	0.000630
0.000880	1.100111	-0.732893	-0.000015	0.000952
0.000890	1.111396	-0.735795	0.000308	0.000308
0.000900	1.123003	-0.726767	0.000630	0.000308
0.000910	1.133321	-0.718384	-0.000660	-0.000337
0.000920	1.144283	-0.718384	0.000630	0.000630
0.000930	1.155891	-0.712903	-0.000015	0.000630
0.000940	1.167176	-0.705809	-0.000337	0.000308
0.000950	1.176849	-0.711935	0.000308	-0.000015
0.000960	1.187811	-0.705487	-0.000015	0.000308
0.000970	1.199419	-0.702263	0.000308	-0.000015
0.000980	1.209414	-0.701618	0.000308	0.000630
0.000990	1.220377	-0.696459	0.000308	0.000630
0.001000	1.230694	-0.695169	0.000630	-0.000015
0.001010	1.242947	-0.699038	0.000308	0.000630
0.001020	1.252942	-0.700328	-0.000015	-0.000015
0.001030	1.264227	-0.690978	-0.000015	0.000630
0.001040	1.274867	-0.696459	-0.000337	0.000308
0.001050	1.286475	-0.697104	-0.000015	0.000308
0.001060	1.296147	-0.697426	-0.000015	0.000952
0.001070	1.307755	-0.691623	0.000308	0.000308
0.001080	1.319362	-0.683884	0.000308	-0.000015
0.001090	1.329035	-0.680660	0.000308	0.000308
0.001100	1.340643	-0.683562	0.000630	0.000630
0.001110	1.351605	-0.679693	0.000630	0.000308
0.001120	1.362245	-0.677113	0.000308	0.000308
0.001130	1.373208	-0.679693	0.000952	0.000952
0.001140	1.384493	-0.675824	0.000630	0.000308
0.001150	1.394488	-0.673889	0.000308	-0.000015
0.001160	1.405128	-0.669053	0.000630	0.000630
0.001170	1.416091	-0.661959	0.000308	0.000308
0.001180	1.427698	-0.658735	0.000952	0.000308
0.001190	1.437371	-0.654221	0.000308	0.000308
0.001200	1.449301	-0.650029	-0.000015	-0.000015
0.001210	1.459941	-0.642936	0.000308	0.000630
0.001220	1.470582	-0.637455	0.000952	0.000630
0.001230	1.481867	-0.637132	-0.000015	0.000308
0.001240	1.492184	-0.637777	0.000308	0.000630
0.001250	1.502824	-0.632941	0.000308	0.000308
0.001260	1.514109	-0.636810	-0.000015	0.000630
0.001270	1.525394	-0.638422	0.000308	0.000630
0.001280	1.535712	-0.638422	0.000630	0.000308
0.001290	1.545385	-0.627137	0.000308	-0.000015
0.001300	1.557637	-0.632941	0.000630	0.000630
0.001310	1.568600	-0.636487	0.000308	-0.000015
0.001320	1.578918	-0.630684	-0.000015	0.000630
0.001330	1.589880	-0.628749	0.000308	0.000630
0.001340	1.601165	-0.622945	0.000308	0.000308
0.001350	1.612128	-0.621656	-0.000015	-0.000337
0.001360	1.622446	-0.621011	-0.000015	0.000308
0.001370	1.633408	-0.618431	-0.000337	-0.000015
0.001380	1.645661	-0.601665	0.000630	-0.000015
0.001390	1.655333	-0.612950	-0.000337	0.000308
0.001400	1.667263	-0.611338	-0.000015	-0.000015
0.001410	1.677259	-0.605534	0.000630	0.000630
0.001420	1.687254	-0.603277	-0.000015	-0.000015
0.001430	1.698539	-0.601343	-0.000015	0.000308
0.001440	1.709824	-0.594249	0.000630	0.000952
0.001450	1.720787	-0.592315	0.000308	0.000308
0.001460	1.731104	-0.588768	-0.000015	-0.000337
0.001470	1.742389	-0.585221	0.000308	-0.000015
0.001480	1.753352	-0.582320	-0.000337	-0.000015
0.001490	1.764959	-0.576193	-0.000015	-0.000015
0.001500	1.775600	-0.570390	0.000308	0.000952
0.001510	1.785272	-0.566198	-0.000015	0.000308
0.001520	1.796235	-0.561684	0.000308	0.000630
0.001530	1.807198	-0.560072	0.000630	0.000630
0.001540	1.818483	-0.555236	-0.000015	-0.000015
0.001550	1.829768	-0.553946	0.000630	-0.000015
0.001560	1.839763	-0.551366	-0.000337	0.000952
0.001570	1.850726	-0.550722	-0.000015	0.000308
0.001580	1.863300	-0.543628	0.000308	0.000308
0.001590	1.871684	-0.541371	-0.000015	0.000308
0.001600	1.883291	-0.533955	-0.000015	0.000630
0.001610	1.894254	-0.535245	-0.000015	0.000308
0.001620	1.904894	-0.528797	0.000308	0.000308
0.001630	1.916824	-0.523960	0.000630	-0.000337
0.001640	1.926819	-0.520413	0.000308	0.000308
0.001650	1.937782	-0.514610	-0.000015	-0.000015
0.001660	1.948099	-0.507194	-0.000015	-0.000015
0.001670	1.959384	-0.504937	-0.000015	-0.000015
0.001680	1.971314	-0.501713	-0.000015	-0.000015
0.001690	1.980987	-0.495909	0.000308	-0.000015
0.001700	1.991950	-0.492362	0.000630	-0.000015
0.001710	2.004524	-0.488493	-0.000015	-0.000015
0.001720	2.013875	-0.481400	-0.000015	0.000308
0.001730	2.025482	-0.478498	-0.000015	0.000952
0.001740	2.035800	-0.479465	-0.000015	0.000308
0.001750	2.047085	-0.473661	0.000308	0.000952
0.001760	2.058048	-0.469792	0.000630	-0.000015
0.001770	2.068043	-0.465601	0.000308	-0.000660
0.001780	2.079328	-0.463021	-0.000015	0.001275
0.001790	2.090936	-0.461732	-0.000015	0.000308
0.001800	2.101253	-0.457862	0.000308	-0.000660
0.001810	2.112216	-0.453348	-0.000015	0.000308
0.001820	2.122856	-0.452059	-0.000015	0.000308
0.001830	2.134141	-0.448834	0.000308	-0.000015
0.001840	2.145104	-0.446255	-0.000015	0.000630
0.001850	2.156066	-0.445933	-0.000015	0.000630
0.001860	2.166062	-0.443031	0.000308	0.000630
0.001870	2.177024	-0.438839	-0.000015	0.000308
0.001880	2.188309	-0.435615	0.000308	0.000630
0.001890	2.198950	-0.432391	-0.000015	0.000308
0.001900	2.209912	-0.415947	-0.000015	-0.000015
0.001910	2.220552	-0.425942	-0.000015	0.000308
0.001920	2.231193	-0.421106	-0.000337	0.000308
0.001930	2.242155	-0.416269	0.000630	-0.000015
0.001940	2.251828	-0.411755	0.000308	0.000308
0.001950	2.263758	-0.408209	-0.000015	-0.000660
0.001960	2.274721	-0.399503	-0.000015	0.000952
0.001970	2.284716	-0.394989	0.000308	0.000308
0.001980	2.296646	-0.391765	-0.000337	-0.000015
0.001990	2.306964	-0.389185	-0.000337	0.000308
0.002000	2.316959	-0.385961	0.000308	0.000308
0.002010	2.328889	-0.382414	-0.000337	-0.000015
0.002020	2.340174	-0.380157	-0.000015	0.000308
0.002030	2.351781	-0.375643	-0.000015	0.000630
0.002040	2.361777	-0.369195	0.000308	0.000308
0.002050	2.372739	-0.366293	-0.000337	0.000630
0.002060	2.383057	-0.363391	-0.000015	-0.000015
0.002070	2.394342	-0.358555	-0.000337	0.000308
0.002080	2.404982	-0.353718	-0.000337	0.000308
0.002090	2.415622	-0.351139	0.000308	-0.000015
0.002100	2.427552	-0.346625	-0.000015	0.000630
0.002110	2.437548	-0.341466	-0.000337	0.000308
0.002120	2.447865	-0.336307	-0.000015	0.000308
0.002130	2.459151	-0.333405	-0.000337	-0.000015
0.002140	2.470758	-0.328891	-0.000337	-0.000015
0.002150	2.480108	-0.325345	0.000308	-0.000015
0.002160	2.492038	-0.321475	0.000308	0.000308
0.002170	2.503001	-0.318896	-0.000015	0.000308
0.002180	2.513641	-0.314705	0.000308	0.000308
0.002190	2.523959	-0.313092	-0.000015	0.000630
0.002200	2.535566	-0.308578	-0.000660	-0.000337
0.002210	2.546207	-0.304064	0.000308	-0.000337
0.002220	2.556524	-0.302452	-0.000015	0.000308
0.002230	2.567487	-0.298583	-0.000337	-0.000015
0.002240	2.577805	-0.294069	-0.000015	-0.000337
0.002250	2.589090	-0.290845	-0.000337	0.000308
0.002260	2.600375	-0.286331	-0.000337	-0.000015
0.002270	2.611338	-0.281494	0.000308	0.000308
0.002280	2.620688	-0.279560	-0.000015	0.000630
0.002290	2.631973	-0.275368	0.000308	0.000308
0.002300	2.642936	-0.266985	0.000308	0.000308
0.002310	2.653576	-0.265373	-0.000337	0.000308
0.002320	2.664216	-0.259892	0.000308	-0.000660
0.002330	2.675501	-0.254733	-0.000337	0.000308
0.002340	2.686141	-0.249897	-0.000015	-0.000015
0.002350	2.688721	-0.245705	-0.000337	0.000630
0.002360	2.616819	-0.242158	0.000308	-0.000015
0.002370	2.605211	-0.240224	0.000308	0.000308
0.002380	2.592959	-0.236032	0.000630	-0.000015
0.002390	2.581674	-0.232163	0.000308	-0.000015
0.002400	2.569422	-0.229261	-0.000015	0.000630
0.002410	2.558137	-0.225070	0.000308	0.000630
0.002420	2.547174	-0.221523	0.000630	-0.000337
0.002430	2.535566	-0.216686	-0.000337	0.000308
0.002440	2.523637	-0.211850	-0.000015	-0.000015
0.002450	2.511707	-0.187023	-0.000015	-0.000015
0.002460	2.500099	-0.203789	0.000308	-0.000015
0.002470	2.489137	-0.201532	0.000308	-0.000015
0.002480	2.477529	-0.196696	-0.000337	0.000308
0.002490	2.465277	-0.191215	0.000308	0.000952
0.002500	2.453992	-0.189925	0.000630	0.000308
0.002510	2.441739	-0.186378	0.000630	-0.000337
0.002520	2.430777	-0.183154	-0.000015	0.000952
0.002530	2.418847	-0.177350	0.000630	-0.000015
0.002540	2.406917	-0.176705	-0.000015	0.000308
0.002550	2.395954	-0.171547	0.000308	0.000630
0.002560	2.384669	-0.166388	-0.000015	0.000952
0.002570	2.372739	-0.162196	-0.000015	0.000308
0.002580	2.362744	-0.158005	0.000308	0.000630
0.002590	2.349847	-0.154780	-0.000015	0.000308
0.002600	2.337917	-0.150266	0.000308	0.000630
0.002610	2.326632	-0.145430	-0.000015	0.000630
0.002620	2.315992	-0.141561	0.000308	-0.000015
0.002630	2.304384	-0.137047	-0.000015	-0.000015
0.002640	2.292132	-0.132855	-0.000337	0.000630
0.002650	2.280847	-0.128019	-0.000015	-0.000015
0.002660	2.269239	-0.123505	-0.000015	0.000308
0.002670	2.257309	-0.118668	-0.000015	0.000308
0.002680	2.246347	-0.114154	-0.000337	0.000308
0.002690	2.235062	-0.110285	-0.000015	0.000308
0.002700	2.223132	-0.105126	0.000630	0.000308
0.002710	2.211524	-0.100290	-0.000015	0.000308
0.002720	2.199272	-0.096743	0.000308	0.000630
0.002730	2.189277	-0.091584	-0.000015	0.000630
0.002740	2.178314	-0.087070	-0.000337	-0.000015
0.002750	2.165094	-0.081589	0.000308	0.000630
0.002760	2.154777	-0.079010	0.000308	0.000630
0.002770	2.143169	-0.067725	-0.000337	0.000308
0.002780	2.131562	-0.068692	0.000630	-0.000015
0.002790	2.119632	-0.065145	-0.000015	0.000308
0.002800	2.107380	-0.057407	-0.000337	0.000308
0.002810	2.097062	-0.056440	-0.000015	0.000952
0.002820	2.086099	-0.051926	0.000308	-0.000015
0.002830	2.075137	-0.047412	0.000630	-0.000015
0.002840	2.062562	-0.043543	0.000630	0.000630
0.002850	2.050954	-0.039351	-0.000015	0.000630
0.002860	2.039992	-0.034837	-0.000337	-0.000015
0.002870	2.029029	-0.030323	0.000630	0.000952
0.002880	2.017422	-0.026132	0.000630	0.000630
0.002890	2.006137	-0.021940	0.000308	0.000308
0.002900	1.994207	-0.018071	0.000308	0.000952
0.002910	1.982922	-0.014202	0.000308	-0.000015
0.002920	1.971959	-0.009043	-0.000015	-0.000337
0.002930	1.960029	-0.004851	0.000308	0.000308
0.002940	1.948422	-0.000660	-0.000015	-0.000337
0.002950	1.936492	0.003209	0.000952	-0.000015
0.002960	1.925207	0.006111	-0.000015	-0.000015
0.002970	1.914244	0.010948	-0.000337	-0.000015
0.002980	1.902959	0.014817	0.000630	-0.000015
0.002990	1.890707	0.018364	-0.000337	0.000630
0.003000	1.879422	0.021588	-0.000015	-0.000015
0.003010	1.867492	0.025779	0.000308	0.000630
0.003020	1.856207	0.028681	0.000308	-0.000015
0.003030	1.845244	0.033518	0.000308	-0.000015
0.003040	1.833637	0.036742	0.000308	0.000308
0.003050	1.822997	0.039966	0.000308	0.000308
0.003060	1.811067	0.044158	-0.000015	-0.000015
0.003070	1.798814	0.047704	-0.000015	0.000630
0.003080	1.787852	0.051574	0.000308	0.000630
0.003090	1.776889	0.056088	-0.000015	0.000308
0.003100	1.765282	0.059312	-0.000015	0.000952
0.003110	1.753352	0.064148	0.000308	-0.000015
0.003120	1.741422	0.068340	-0.000015	0.000308
0.003130	1.730459	0.072531	-0.000015	0.000630
0.003140	1.719497	0.077045	0.000630	-0.000015
0.003150	1.707567	0.080915	-0.000015	0.000952
0.003160	1.697249	0.084784	-0.000015	0.000630
0.003170	1.685319	0.089298	-0.000015	0.000308
0.003180	1.675969	0.094134	0.000308	0.000308
0.003190	1.662749	0.098003	0.000308	0.000630
0.003200	1.651787	0.103162	0.000308	-0.000015
0.003210	1.638890	0.107354	0.000308	-0.000015
0.003220	1.628249	0.110900	0.000308	0.000308
0.003230	1.616642	0.115092	0.000308	0.000952
0.003240	1.604712	0.119606	-0.000015	0.000308
0.003250	1.594394	0.123153	0.000952	-0.000015
0.003260	1.582464	0.126377	0.000308	-0.000015
0.003270	1.571502	0.130891	-0.000015	0.001275
0.003280	1.560862	0.134438	0.000630	-0.000015
0.003290	1.547642	0.137984	0.000630	0.000308
0.003300	1.536679	0.142176	-0.000015	0.000630
0.003310	1.525394	0.146367	0.000630	-0.000015
0.003320	1.515077	0.150881	-0.000337	0.000308
0.003330	1.502180	0.152494	0.000630	-0.000015
0.003340	1.491217	0.157652	-0.000337	-0.000015
0.003350	1.478965	0.160554	0.000630	0.000630
0.003360	1.468647	0.165391	-0.000337	0.000630
0.003370	1.457362	0.168293	0.000308	0.000308
0.003380	1.444465	0.173774	0.000308	-0.000015
0.003390	1.434147	0.176998	0.000308	0.000630
0.003400	1.422540	0.178610	0.000952	0.000630
0.003410	1.411899	0.182802	0.000308	0.000630
0.003420	1.400614	0.188928	0.000308	0.000952
0.003430	1.388685	0.192152	0.000308	-0.000015
0.003440	1.377722	0.194732	-0.000015	0.000308
0.003450	1.366437	0.197311	0.000308	0.000630
0.003460	1.354507	0.201825	-0.000337	0.000308
0.003470	1.343544	0.204727	-0.000015	0.000308
0.003480	1.332582	0.207306	-0.000337	0.000308
0.003490	1.320330	0.210208	-0.000015	-0.000015
0.003500	1.309367	0.213755	0.000308	0.000308
0.003510	1.298404	0.216979	0.000308	0.000630
0.003520	1.287442	0.219881	0.000630	-0.000015
0.003530	1.274867	0.222460	-0.000015	0.000308
0.003540	1.263905	0.226330	-0.000337	0.000308
0.003550	1.252942	0.228909	-0.000015	0.000308
0.003560	1.241335	0.231811	0.000308	0.000308
0.003570	1.230050	0.235680	-0.000015	0.000308
0.003580	1.217475	0.238582	0.000308	0.000308
0.003590	1.207157	0.242451	0.000308	-0.000015
0.003600	1.195227	0.245353	0.000308	0.000952
0.003610	1.184265	0.246965	-0.000015	-0.000015
0.003620	1.172657	0.253414	-0.000015	-0.000015
0.003630	1.161695	0.257928	0.000630	-0.000015
0.003640	1.150087	0.260507	-0.000015	0.000952
0.003650	1.138802	0.264376	-0.000015	0.000308
0.003660	1.126550	0.269213	-0.000015	0.000630
0.003670	1.115910	0.274049	0.000308	0.000952
0.003680	1.103980	0.277273	0.000308	0.000952
0.003690	1.093340	0.281465	0.000308	-0.000337
0.003700	1.082055	0.280175	0.000308	0.000630
0.003710	1.071092	0.288881	0.000308	0.000308
0.003720	1.058517	0.292427	0.000630	0.000308
0.003730	1.047877	0.295974	0.000952	0.000630
0.003740	1.038849	0.301133	0.000308	0.000308
0.003750	1.024985	0.304680	-0.000015	0.000308
0.003760	1.013377	0.307259	0.000630	0.000308
0.003770	1.001770	0.313385	0.000308	-0.000015
0.003780	0.989840	0.314675	0.000952	-0.000337
0.003790	0.979200	0.318867	-0.000015	-0.000015
0.003800	0.968882	0.322413	-0.000015	0.000308
0.003810	0.956952	0.326927	0.000952	-0.000015
0.003820	0.946312	0.330152	-0.000015	0.000308
0.003830	0.934705	0.334343	0.000308	0.000630
0.003840	0.922775	0.336922	0.000308	-0.000015
0.003850	0.911490	0.340147	-0.000015	0.000952
0.003860	0.900527	0.343371	-0.000015	0.000308
0.003870	0.887630	0.346918	0.000630	0.000630
0.003880	0.876990	0.351109	0.000308	0.000308
0.003890	0.865383	0.354978	-0.000337	-0.000015
0.003900	0.854420	0.358203	-0.000015	0.000308
0.003910	0.842490	0.362072	-0.000015	0.000308
0.003920	0.832172	0.365941	-0.000660	-0.000015
0.003930	0.820887	0.371100	0.000308	0.000630
0.003940	0.808958	0.373679	0.000308	0.000630
0.003950	0.797350	0.376581	-0.000337	-0.000015
0.003960	0.786388	0.382062	0.000308	-0.000015
0.003970	0.775747	0.386254	0.000308	-0.000015
0.003980	0.764462	0.390768	0.000308	0.000630
0.003990	0.752855	0.391413	-0.000660	0.000308
0.004000	0.741570	0.395604	0.000952	0.000630
0.004010	0.730285	0.400441	0.000630	0.000308
0.004020	0.719000	0.408502	-0.000337	0.000308
0.004030	0.707070	0.408502	-0.000015	-0.000015
0.004040	0.695785	0.411081	0.000308	0.000952
0.004050	0.684500	0.415595	-0.000015	0.000630
0.004060	0.673215	0.417207	-0.000015	-0.000015
0.004070	0.661930	0.420431	0.000630	-0.000015
0.004080	0.650000	0.423011	-0.000015	-0.000015
0.004090	0.639038	0.425913	-0.000015	0.000630
0.004100	0.628720	0.429459	0.000308	0.000630
0.004110	0.617758	0.448805	0.000308	0.000630
0.004120	0.605183	0.436875	-0.000015	0.000308
0.004130	0.594220	0.438165	0.000630	-0.000337
0.004140	0.582935	0.452352	-0.000015	0.000308
0.004150	0.571328	0.426235	0.000308	-0.000015
0.004160	0.559720	0.480725	-0.000015	-0.000015
0.004170	0.548758	0.453642	0.000308	0.000308
0.004180	0.537150	0.443646	0.000308	0.000308
0.004190	0.526188	0.453964	-0.000015	0.000308
0.004200	0.515225	0.455576	-0.000015	0.000308
0.004210	0.503940	0.467506	0.000308	0.000630
0.004220	0.492010	0.516515	0.000308	0.000308
0.004230	0.480725	0.441389	-0.000660	0.000308
0.004240	0.469763	0.526833	0.000308	0.000952
0.004250	0.457833	0.521996	-0.000015	-0.000015
0.004260	0.446871	0.488786	-0.000015	-0.000015
0.004270	0.435908	0.500394	-0.000660	0.000630
0.004280	0.424945	0.550048	-0.000337	-0.000015
0.004290	0.412371	0.579389	-0.000337	0.000308
0.004300	0.402375	0.492333	0.000308	-0.000660
0.004310	0.389478	0.483305	-0.000015	0.000630
0.004320	0.379483	0.598089	-0.000337	-0.000015
0.004330	0.369165	0.614856	0.000308	0.000952
0.004340	0.356591	0.651613	-0.000015	0.000308
0.004350	0.343693	0.475244	-0.000015	0.000308
0.004360	0.334021	0.650645	0.000308	0.000630
0.004370	0.321768	0.506520	0.000308	0.000630
0.004380	0.311773	0.630977	-0.000015	-0.000015
0.004390	0.300166	0.693528	-0.000337	-0.000015
0.004400	0.288558	0.691594	0.000308	-0.000015
0.004410	0.277273	0.701911	-0.000015	0.000630
0.004420	0.265988	0.711584	0.000308	-0.000015
0.004430	0.255348	0.663542	0.000308	-0.000015
0.004440	0.243418	0.553917	0.000308	0.000952
0.004450	0.231811	0.588417	0.000952	0.000308
0.004460	0.221171	0.712229	-0.000660	0.000630
0.004470	0.209886	0.616468	-0.000015	0.000630
0.004480	0.198278	0.720935	0.000308	0.000630
0.004490	0.187316	0.619047	-0.000337	-0.000015
0.004500	0.175708	0.643229	0.000308	0.000952
0.004510	0.164746	0.650968	0.000308	-0.000015
0.004520	0.152494	0.654837	-0.000015	-0.000337
0.004530	0.141853	0.647743	-0.000015	0.000308
0.004540	0.129924	0.632267	-0.000015	0.000308
0.004550	0.118639	0.630655	-0.000337	0.000308
0.004560	0.107676	0.661930	-0.000015	-0.000015
0.004570	0.097036	0.709972	0.000630	0.000308
0.004580	0.085429	0.704168	0.000630	-0.000015
0.004590	0.072209	0.642907	-0.000015	-0.000015
0.004600	0.062536	0.719645	0.000630	-0.000015
0.004610	0.050284	0.658061	-0.000337	0.000308
0.004620	0.039321	0.702879	-0.000337	0.000308
0.004630	0.028681	0.720935	-0.000015	0.000308
0.004640	0.016751	0.681276	0.000308	-0.000015
0.004650	0.006111	0.655159	0.000308	0.000630
0.004660	-0.005819	0.667412	0.000630	0.000308
0.004670	-0.017426	0.699977	0.000308	0.000630
0.004680	-0.029033	0.722547	0.000308	0.000308
0.004690	-0.038384	0.662253	0.000308	0.000308
0.004700	-0.050314	0.671603	0.000308	0.000308
0.004710	-0.062243	0.675150	-0.000660	0.000308
0.004720	-0.073206	0.701267	0.000630	-0.000015
0.004730	-0.084169	0.644197	-0.000015	0.000630
0.004740	-0.095454	0.658384	0.000308	-0.000015
0.004750	-0.107706	0.672893	0.000308	0.000630
0.004760	-0.119313	0.672248	-0.000660	0.000952
0.004770	-0.129631	0.660641	-0.000015	-0.000015
0.004780	-0.141561	0.650323	0.000630	0.000308
0.004790	-0.151878	0.681921	-0.000015	0.000952
0.004800	-0.164131	0.616468	-0.000015	0.000308
0.004810	-0.175738	0.264699	0.000308	-0.000015
0.004820	-0.185733	0.328217	-0.000660	0.000308
0.004830	-0.197986	0.595188	0.000630	-0.000015
0.004840	-0.207981	0.692883	-0.000015	0.000630
0.004850	-0.220233	0.624851	-0.000337	0.000308
0.004860	-0.231196	0.623561	0.000308	-0.000015
0.004870	-0.243126	0.639038	-0.000015	-0.000337
0.004880	-0.254410	0.657739	0.000308	0.000630
0.004890	-0.266340	0.683533	-0.000337	0.000308
0.004900	-0.279882	0.625173	-0.000015	0.000308
0.004910	-0.290200	0.648388	-0.000015	0.000308
0.004920	-0.300195	0.652257	-0.000015	0.000308
0.004930	-0.311480	0.656127	-0.000337	-0.000015
0.004940	-0.320508	0.658061	-0.000337	0.000308
0.004950	-0.333405	0.651935	0.000630	0.000630
0.004960	-0.345335	0.670313	-0.000015	0.000308
0.004970	-0.356298	0.686112	-0.000337	0.000308
0.004980	-0.367583	0.682243	-0.000015	0.000308
0.004990	-0.378223	0.675472	0.000308	0.000630
0.005000	-0.389508	0.675150	-0.000337	-0.000015
0.005010	-0.401438	0.673538	0.000630	0.000952
0.005020	-0.413045	0.675150	-0.000015	0.000630
0.005030	-0.424330	0.672570	-0.000337	-0.000015
0.005040	-0.435615	0.665799	0.000308	0.000308
0.005050	-0.446900	0.640650	-0.000015	0.000308
0.005060	-0.457218	0.621627	-0.000015	-0.000015
0.005070	-0.469147	0.660641	-0.000015	-0.000015
0.005080	-0.480110	0.685145	-0.000015	-0.000015
0.005090	-0.491395	0.676762	-0.000015	0.000308
0.005100	-0.503002	0.656449	0.000630	0.000308
0.005110	-0.513642	0.661608	-0.000337	0.000308
0.005120	-0.525895	0.671281	0.000630	0.000308
0.005130	-0.537180	0.660963	-0.000015	0.000308
0.005140	-0.547497	0.653225	-0.000015	-0.000015
0.005150	-0.559750	0.654192	0.000308	0.000308
0.005160	-0.570390	0.651935	-0.000015	0.000630
0.005170	-0.581030	0.648711	-0.000015	0.000308
0.005180	-0.593927	0.656771	-0.000015	-0.000015
0.005190	-0.603600	0.655482	0.000630	-0.000337
0.005200	-0.615852	0.652902	-0.000015	0.000630
0.005210	-0.625847	0.652257	-0.000015	0.000308
0.005220	-0.638744	0.649033	-0.000015	0.000630
0.005230	-0.649062	0.640328	0.000308	0.000952
0.005240	-0.661314	0.635169	-0.000337	0.000630
0.005250	-0.671632	0.640972	-0.000015	0.000308
0.005260	-0.683562	0.637426	0.000308	0.000630
0.005270	-0.695169	0.641940	0.000308	-0.000015
0.005280	-0.705809	0.640005	-0.000015	0.000630
0.005290	-0.716449	0.638715	0.000630	0.000630
0.005300	-0.728379	0.635169	0.000630	-0.000015
0.005310	-0.740632	0.632589	-0.000015	0.000630
0.005320	-0.750627	0.636136	-0.000015	0.000630
0.005330	-0.761589	0.637103	0.000308	0.000952
0.005340	-0.773519	0.636781	-0.000337	0.000630
0.005350	-0.784482	0.635491	-0.000015	-0.000015
0.005360	-0.795444	0.635169	-0.000015	-0.000015
0.005370	-0.807374	0.638071	-0.000015	0.000630
0.005380	-0.818337	0.634524	0.000308	0.000308
0.005390	-0.829622	0.633234	-0.000015	0.000308
0.005400	-0.840584	0.640005	0.000308	0.000630
0.005410	-0.851869	0.642907	-0.000015	-0.000337
0.005420	-0.863799	0.640328	0.000308	-0.000337
0.005430	-0.874439	0.637103	0.000308	0.000308
0.005440	-0.885724	0.637103	0.000630	-0.000660
0.005450	-0.897331	0.640328	-0.000015	0.000308
0.005460	-0.908294	0.636136	-0.000660	0.000630
0.005470	-0.919901	0.630332	0.000952	0.000630
0.005480	-0.931509	0.627753	0.000308	-0.000015
0.005490	-0.942794	0.627430	0.000308	0.000630
0.005500	-0.952789	0.623884	0.000308	-0.000015
0.005510	-0.965364	0.620337	-0.000015	0.000308
0.005520	-0.974714	0.620659	0.000630	0.000952
0.005530	-0.986966	0.616468	0.000630	-0.000015
0.005540	-0.997606	0.614211	-0.000015	0.000630
0.005550	-1.009536	0.613888	-0.000337	0.001275
0.005560	-1.022111	0.611309	-0.000015	0.000630
0.005570	-1.032106	0.607440	-0.000015	-0.000015
0.005580	-1.043069	0.604538	-0.000015	0.000308
0.005590	-1.054676	0.609697	0.000630	0.000630
0.005600	-1.065961	0.606150	-0.000015	-0.000015
0.005610	-1.076923	0.605828	-0.000015	0.000308
0.005620	-1.089176	0.603571	0.000308	0.000952
0.005630	-1.099816	0.605505	-0.000337	0.000308
0.005640	-1.110778	0.603571	-0.000015	-0.000015
0.005650	-1.122063	0.600024	0.000308	0.000630
0.005660	-1.133671	0.596477	-0.000015	0.000630
0.005670	-1.144311	0.590029	-0.000015	0.000308
0.005680	-1.155596	0.585515	0.000308	0.000308
0.005690	-1.167526	0.583903	-0.000337	0.000308
0.005700	-1.178811	0.583258	0.000308	0.000630
0.005710	-1.189128	0.579066	0.000630	0.000630
0.005720	-1.201058	0.577132	0.000630	-0.000015
0.005730	-1.211698	0.574552	-0.000337	0.000308
0.005740	-1.223628	0.571650	-0.000015	0.000630
0.005750	-1.235235	0.569393	-0.000015	0.000630
0.005760	-1.245875	0.566491	0.000308	-0.000015
0.005770	-1.256516	0.561655	-0.000015	0.000630
0.005780	-1.267801	0.557786	-0.000015	0.000308
0.005790	-1.278763	0.552305	0.000630	0.000308
0.005800	-1.289726	0.551015	0.000308	-0.000015
0.005810	-1.301333	0.550692	-0.000337	-0.000337
0.005820	-1.312940	0.548435	0.000308	-0.000015
0.005830	-1.324548	0.559720	-0.000015	-0.000015
0.005840	-1.336155	0.542954	0.000630	0.000308
0.005850	-1.347440	0.534893	-0.000337	0.000952
0.005860	-1.357758	0.537473	-0.000660	-0.000015
0.005870	-1.369365	0.531024	0.000630	0.000308
0.005880	-1.380650	0.528767	0.000308	0.000308
0.005890	-1.391613	0.525865	0.000308	-0.000337
0.005900	-1.401608	0.522964	0.000630	0.001275
0.005910	-1.414183	0.520062	-0.000015	0.000952
0.005920	-1.425468	0.519417	-0.000015	0.000952
0.005930	-1.437397	0.515548	0.000308	0.000630
0.005940	-1.448037	0.514903	0.000308	0.000630
0.005950	-1.459000	0.511356	-0.000015	-0.000015
0.005960	-1.469963	0.510389	0.000630	0.000952
0.005970	-1.481892	0.509099	-0.000015	-0.000015
0.005980	-1.492210	0.505230	0.000308	0.000630
0.005990	-1.503173	0.503295	0.000630	0.000308
0.006000	-1.514458	0.502006	-0.000015	-0.000015
0.006010	-1.526065	0.500071	-0.000337	0.000308
0.006020	-1.536705	0.496524	0.000630	0.000630
0.006030	-1.548635	0.492978	-0.000337	0.000308
0.006040	-1.559597	0.490398	0.000630	-0.000337
0.006050	-1.570882	0.487819	-0.000015	-0.000337
0.006060	-1.582812	0.484917	0.000308	0.000630
0.006070	-1.593130	0.476212	-0.000337	0.000630
0.006080	-1.604092	0.483305	0.000308	-0.000015
0.006090	-1.616667	0.470730	0.000630	0.000308
0.006100	-1.628274	0.471053	0.000630	0.000308
0.006110	-1.638592	0.466861	0.000952	0.000952
0.006120	-1.649232	0.466216	0.000308	0.000630
0.006130	-1.660517	0.461057	0.000308	0.000952
0.006140	-1.671480	0.456543	-0.000015	0.000308
0.006150	-1.682442	0.454609	-0.000337	0.000308
0.006160	-1.693082	0.451062	-0.000337	0.000630
0.006170	-1.705012	0.447515	0.000952	-0.000015
0.006180	-1.715652	0.446226	-0.000015	-0.000015
0.006190	-1.726292	0.440744	-0.000015	0.000630
0.006200	-1.738545	0.437198	0.000630	-0.000015
0.006210	-1.750797	0.433651	0.000308	-0.000015
0.006220	-1.761759	0.429137	-0.000015	0.000952
0.006230	-1.773044	0.426880	0.000308	0.000952
0.006240	-1.783362	0.424623	-0.000015	0.000630
0.006250	-1.794002	0.421076	0.000630	0.000630
0.006260	-1.805287	0.419464	0.000630	0.000308
0.006270	-1.817217	0.417530	-0.000015	0.000308
0.006280	-1.827534	0.414305	0.000308	0.001275
0.006290	-1.840109	0.411081	0.000308	0.000308
0.006300	-1.850104	0.408824	-0.000015	0.000308
0.006310	-1.861067	0.407212	-0.000015	0.000630
0.006320	-1.873964	0.403988	0.000630	-0.000015
0.006330	-1.883314	0.399796	-0.000015	0.000308
0.006340	-1.895567	0.399796	-0.000015	0.000308
0.006350	-1.906852	0.397861	-0.000015	-0.000015
0.006360	-1.917814	0.395604	0.000952	0.000630
0.006370	-1.929744	0.393670	-0.000015	-0.000337
0.006380	-1.941351	0.390446	0.000308	0.000630
0.006390	-1.951024	0.387221	0.000308	-0.000015
0.006400	-1.962309	0.383030	0.000630	-0.000015
0.006410	-1.974239	0.381095	0.000308	0.000308
0.006420	-1.984557	0.378516	0.000630	0.000952
0.006430	-1.995842	0.376904	0.000308	0.000630
0.006440	-2.007449	0.369810	0.000630	-0.000015
0.006450	-2.018089	0.370455	-0.000015	0.000952
0.006460	-2.029374	0.368843	-0.000015	0.000630
0.006470	-2.041304	0.364974	0.000308	0.000308
0.006480	-2.051944	0.360782	0.000308	0.000308
0.006490	-2.062262	0.357558	-0.000337	-0.000015
0.006500	-2.074191	0.353689	0.000308	0.000630
0.006510	-2.085799	0.351432	0.000308	0.000630
0.006520	-2.094827	0.347563	0.000308	0.000630
0.006530	-2.108046	0.343049	0.000630	-0.000015
0.006540	-2.119654	0.338857	-0.000015	0.000630
0.006550	-2.130294	0.334988	-0.000015	-0.000015
0.006560	-2.141579	0.334021	0.000308	0.000630
0.006570	-2.153186	0.328862	-0.000015	0.000308
0.006580	-2.163826	0.324670	-0.000015	0.000308
0.006590	-2.174789	0.321124	0.000630	0.000308
0.006600	-2.184461	0.316932	0.000308	0.000952
0.006610	-2.196391	0.314030	0.000308	0.000308
0.006620	-2.207354	0.307582	0.000308	0.000308
0.006630	-2.217994	0.307582	-0.000337	-0.000015
0.006640	-2.229601	0.304680	0.000308	0.000308
0.006650	-2.241854	0.300166	-0.000015	0.000308
0.006660	-2.252494	0.295652	-0.000660	0.000952
0.006670	-2.264101	0.292105	0.000308	0.000952
0.006680	-2.275064	0.288881	0.000630	0.000952
0.006690	-2.286026	0.285656	-0.000337	-0.000015
0.006700	-2.297311	0.280820	-0.000015	0.000308
0.006710	-2.309563	0.276306	-0.000015	0.000308
0.006720	-2.320203	0.272437	0.000630	-0.000015
0.006730	-2.330199	0.268568	0.000952	0.000630
0.006740	-2.342128	0.266956	0.000952	0.000630
0.006750	-2.354058	0.263086	0.000630	-0.000015
0.006760	-2.364698	0.258572	0.000630	0.000308
0.006770	-2.376306	0.255993	-0.000015	0.000308
0.006780	-2.387268	0.260185	0.000308	0.000308
0.006790	-2.398876	0.248255	-0.000015	0.000952
0.006800	-2.408871	0.258895	0.000952	0.000630
0.006810	-2.419511	0.242129	0.000630	0.000630
0.006820	-2.431118	0.240194	-0.000015	0.000308
0.006830	-2.442403	0.234390	0.000308	0.000308
0.006840	-2.453043	0.233423	0.000308	0.000308
0.006850	-2.464328	0.229231	0.000308	0.001275
0.006860	-2.475936	0.226652	-0.000015	0.000630
0.006870	-2.486576	0.223750	0.000630	0.000308
0.006880	-2.497861	0.219236	0.000308	0.000308
0.006890	-2.509146	0.216334	-0.000337	0.000308
0.006900	-2.521076	0.212465	0.000952	0.000308
0.006910	-2.531071	0.209563	-0.000015	0.001275
0.006920	-2.542033	0.206339	-0.000015	-0.000015
0.006930	-2.553318	0.204405	0.000630	0.000952
0.006940	-2.563958	0.200535	-0.000015	0.000308
0.006950	-2.575888	0.195054	-0.000015	0.000308
0.006960	-2.587496	0.193120	0.000952	0.000308
0.006970	-2.598136	0.189573	0.000308	0.000952
0.006980	-2.609421	0.185059	0.000308	0.000630
0.006990	-2.620061	0.180545	0.000630	0.000630
0.007000	-2.631668	0.177321	0.000630	0.000630
0.007010	-2.641986	0.173774	-0.000015	-0.000337
0.007020	-2.653916	0.168937	0.000630	0.000308
0.007030	-2.664878	0.166036	0.000308	0.000630
0.007040	-2.676163	0.161844	-0.000015	0.001275
0.007050	-2.688093	0.158620	-0.000015	0.000308
0.007060	-2.698733	0.154751	0.000308	0.000630
0.007070	-2.708083	0.150881	0.000630	-0.000015
0.007080	-2.720013	0.146367	-0.000015	0.000630
0.007090	-2.732265	0.142176	-0.000015	-0.000015
0.007100	-2.743550	0.138952	-0.000015	0.000952
0.007110	-2.753223	0.134760	-0.000015	0.000952
0.007120	-2.765153	0.130891	-0.000015	-0.000337
0.007130	-2.775793	0.127022	0.000630	0.000630
0.007140	-2.786111	0.122508	0.000308	0.000952
0.007150	-2.799008	0.118639	-0.000015	0.000630
0.007160	-2.809003	0.114125	0.000630	0.000952
0.007170	-2.819966	0.111223	-0.000337	0.000308
0.007180	-2.831251	0.106386	0.000308	0.000630
0.007190	-2.842858	0.101550	0.000952	0.000308
0.007200	-2.852853	0.096714	-0.000015	0.000308
0.007210	-2.865105	0.094457	0.000308	0.000308
0.007220	-2.875101	0.091555	0.000952	0.000952
0.007230	-2.887030	0.087686	0.000630	0.000630
0.007240	-2.897348	0.084461	0.000308	0.000952
0.007250	-2.908311	0.080915	0.000308	0.000630
0.007260	-2.918628	0.076723	-0.000015	0.000308
0.007270	-2.930558	0.073176	-0.000015	0.000308
0.007280	-2.938941	0.069307	0.000308	0.000630
0.007290	-2.950226	0.066728	-0.000015	-0.000015
0.007300	-2.873811	0.062859	0.000630	0.000308
0.007310	-2.862526	0.059312	-0.000015	0.000308
0.007320	-2.850274	0.055765	0.000308	0.000308
0.007330	-2.839634	0.052218	0.000630	0.000952
0.007340	-2.828671	0.048349	0.000308	0.000630
0.007350	-2.816741	0.045125	-0.000660	0.000630
0.007360	-2.805456	0.041256	0.000952	0.000308
0.007370	-2.794816	0.037387	-0.000015	0.000308
0.007380	-2.782242	0.033518	0.000630	-0.000015
0.007390	-2.771601	0.029649	-0.000337	0.000308
0.007400	-2.760961	0.026102	0.000308	-0.000015
0.007410	-2.749676	0.022878	0.000952	0.000308
0.007420	-2.737747	0.019653	0.000630	-0.000337
0.007430	-2.727429	0.016107	-0.000015	0.000308
0.007440	-2.715499	0.012882	0.000308	0.000308
0.007450	-2.703892	0.008368	0.000630	0.000308
0.007460	-2.692284	0.004822	-0.000015	-0.000015
0.007470	-2.682612	0.001597	0.000308	0.000308
0.007480	-2.670037	-0.002594	-0.000015	0.000308
0.007490	-2.659074	-0.005819	0.000308	0.000308
0.007500	-2.648112	-0.009365	0.000630	0.000308
0.007510	-2.637472	-0.012912	0.000630	0.000952
0.007520	-2.624897	-0.017748	-0.000015	-0.000015
0.007530	-2.614257	-0.022262	-0.000015	0.000308
0.007540	-2.602650	-0.025487	0.000952	0.000630
0.007550	-2.591687	-0.029678	0.000308	0.000630
0.007560	-2.580725	-0.033225	0.000630	0.000308
0.007570	-2.569762	-0.036772	0.000952	0.000630
0.007580	-2.559122	-0.040641	0.000630	0.000308
0.007590	-2.547837	-0.044832	0.000308	0.000630
0.007600	-2.536552	-0.048701	0.000308	0.000308
0.007610	-2.525912	-0.052571	0.000308	-0.000015
0.007620	-2.514627	-0.056762	0.000308	0.000308
0.007630	-2.503664	-0.060954	0.000308	0.000308
0.007640	-2.493669	-0.064500	0.000308	-0.000015
0.007650	-2.482062	-0.069337	0.000630	0.000952
0.007660	-2.470454	-0.072239	-0.000015	0.000308
0.007670	-2.458525	-0.075785	-0.000015	0.000952
0.007680	-2.448207	-0.080944	0.000308	0.000952
0.007690	-2.436600	-0.084813	0.000308	0.000308
0.007700	-2.425315	-0.088038	-0.000015	0.000630
0.007710	-2.414030	-0.091907	0.000308	0.000630
0.007720	-2.402745	-0.095131	-0.000015	0.000952
0.007730	-2.393072	-0.098355	0.000308	0.000308
0.007740	-2.381787	-0.102547	0.000308	0.000952
0.007750	-2.369212	-0.105771	-0.000015	0.000308
0.007760	-2.358895	-0.107706	0.000630	0.000308
0.007770	-2.347932	-0.110930	0.000630	-0.000015
0.007780	-2.337292	-0.114477	0.000630	-0.000660
0.007790	-2.325685	-0.118023	0.000308	0.001275
0.007800	-2.315045	-0.120280	-0.000337	0.000630
0.007810	-2.304082	-0.121570	0.000630	0.000308
0.007820	-2.292797	-0.126407	0.000952	0.000952
0.007830	-2.281190	-0.129631	-0.000015	0.000630
0.007840	-2.271517	-0.131888	-0.000015	-0.000015
0.007850	-2.259587	-0.134790	-0.000337	0.000952
0.007860	-2.249269	-0.137369	0.000308	0.000308
0.007870	-2.238307	-0.139949	0.000630	0.000630
0.007880	-2.226055	-0.143818	-0.000337	0.001275
0.007890	-2.215092	-0.146397	0.000630	-0.000337
0.007900	-2.203485	-0.147364	0.000308	0.000630
0.007910	-2.194134	-0.150589	0.000308	0.000630
0.007920	-2.182849	-0.151556	-0.000015	-0.000015
0.007930	-2.170597	-0.155103	0.000952	0.000952
0.007940	-2.159312	-0.158005	-0.000015	0.000630
0.007950	-2.148994	-0.161551	0.000630	-0.000015
0.007960	-2.137710	-0.164453	0.000630	-0.000015
0.007970	-2.126747	-0.162841	-0.000015	0.000630
0.007980	-2.115140	-0.168645	0.000630	-0.002594
0.007990	-2.106112	-0.232163	0.000630	0.000308
0.008000	-2.094827	-0.128341	-0.000660	0.000952
0.008010	-2.081930	-0.177673	-0.001627	0.001597
0.008020	-2.071289	-0.085136	0.000308	0.000630
0.008030	-2.061939	-0.127696	0.000308	0.000630
0.008040	-2.051299	-0.138014	0.000630	0.000308
0.008050	-2.038724	-0.156070	0.000308	0.000630
0.008060	-2.028729	-0.165420	-0.000337	-0.000015
0.008070	-2.017444	-0.180252	0.000630	-0.000015
0.008080	-2.005837	-0.182509	0.000952	0.000308
0.008090	-1.994874	-0.190570	-0.000015	0.000308
0.008100	-1.983589	-0.197986	0.000630	0.000630
0.008110	-1.972627	-0.204757	0.000630	0.000308
0.008120	-1.962309	-0.211528	0.000308	-0.000015
0.008130	-1.951347	-0.218943	-0.000337	-0.000015
0.008140	-1.938772	-0.224425	-0.000015	0.000630
0.008150	-1.929099	-0.230228	0.000308	0.000308
0.008160	-1.916847	-0.235065	0.000308	0.000630
0.008170	-1.907174	-0.240224	0.000308	0.000952
0.008180	-1.895889	-0.249897	0.000952	0.000308
0.008190	-1.885571	-0.266340	0.000630	0.001275
0.008200	-1.872997	-0.274723	-0.000015	0.000308
0.008210	-1.863324	-0.276980	0.000308	-0.000337
0.008220	-1.852039	-0.272466	-0.000015	0.000630
0.008230	-1.840109	-0.276980	0.000630	-0.000015
0.008240	-1.828824	-0.291490	0.000308	-0.000015
0.008250	-1.817862	-0.298906	-0.000015	0.000630
0.008260	-1.807222	-0.296649	0.000630	0.000952
0.008270	-1.796581	-0.296326	-0.000015	0.000630
0.008280	-1.785296	-0.303742	0.000630	0.000308
0.008290	-1.775946	-0.320186	0.000630	-0.000015
0.008300	-1.764984	-0.314060	0.000308	0.000630
0.008310	-1.752086	-0.323410	-0.000337	0.000952
0.008320	-1.741769	-0.327602	-0.000015	0.000308
0.008330	-1.730161	-0.331793	0.000630	0.000308
0.008340	-1.719521	-0.335662	0.000952	0.000630
0.008350	-1.709204	-0.340821	0.000308	0.000630
0.008360	-1.697596	-0.343401	0.000630	0.000952
0.008370	-1.686311	-0.346947	0.000630	-0.000015
0.008380	-1.676961	-0.347915	0.000308	0.000308
0.008390	-1.664386	-0.352429	0.000630	0.000952
0.008400	-1.653746	-0.354041	0.000630	0.000952
0.008410	-1.641494	-0.357265	-0.000015	0.000308
0.008420	-1.632144	-0.359200	0.000630	-0.000015
0.008430	-1.620536	-0.362424	0.000308	-0.000015
0.008440	-1.609896	-0.365971	-0.000015	0.000630
0.008450	-1.598933	-0.369517	0.000308	-0.000015
0.008460	-1.587971	-0.372742	-0.000015	0.000630
0.008470	-1.577008	-0.375966	0.000630	-0.000015
0.008480	-1.566368	-0.381125	0.000308	0.000630
0.008490	-1.554761	-0.385316	0.000308	0.000308
0.008500	-1.543798	-0.389508	0.000308	0.000308
0.008510	-1.533158	-0.394022	0.000952	0.000952
0.008520	-1.522518	-0.398536	0.000308	0.000308
0.008530	-1.512201	-0.400793	0.000308	0.000952
0.008540	-1.500593	-0.406274	0.000630	0.000308
0.008550	-1.489631	-0.411755	-0.000015	0.000630
0.008560	-1.479958	-0.415302	0.000308	0.000630
0.008570	-1.467061	-0.416914	0.000308	-0.000015
0.008580	-1.456743	-0.421751	-0.000015	-0.000015
0.008590	-1.445136	-0.425942	0.000630	0.000308
0.008600	-1.435463	-0.427554	-0.000337	-0.000015
0.008610	-1.423855	-0.434003	0.000308	0.000952
0.008620	-1.413215	-0.435293	0.000952	0.000630
0.008630	-1.401285	-0.438839	-0.000015	-0.000015
0.008640	-1.390323	-0.442063	-0.000015	0.000630
0.008650	-1.380650	-0.446255	0.001275	0.000952
0.008660	-1.368720	-0.450124	0.000308	-0.000015
0.008670	-1.358080	-0.454638	0.000308	0.000308
0.008680	-1.346795	-0.460119	0.000308	-0.000015
0.008690	-1.335833	-0.463666	-0.000015	0.000308
0.008700	-1.324225	-0.469470	0.000630	0.000952
0.008710	-1.313908	-0.473661	-0.000015	0.000308
0.008720	-1.302945	-0.477208	-0.000015	-0.000015
0.008730	-1.291983	-0.485591	0.000308	0.000630
0.008740	-1.281665	-0.487848	-0.000015	0.001275
0.008750	-1.271025	-0.493329	0.000308	0.000308
0.008760	-1.259740	-0.496554	0.000630	0.000308
0.008770	-1.248455	-0.501390	0.000630	0.000308
0.008780	-1.237170	-0.505259	0.000630	-0.000015
0.008790	-1.226852	-0.509128	-0.000015	0.000952
0.008800	-1.214278	-0.515255	0.000308	0.000308
0.008810	-1.204605	-0.517512	0.000952	-0.000015
0.008820	-1.192997	-0.521381	0.000308	0.000952
0.008830	-1.183647	-0.524605	-0.000015	0.000308
0.008840	-1.172040	-0.527184	0.000630	0.000952
0.008850	-1.161077	-0.531698	0.000630	0.000630
0.008860	-1.150437	-0.536535	0.000308	0.000630
0.008870	-1.140119	-0.541371	0.000952	0.000952
0.008880	-1.128189	-0.545885	0.000952	0.000952
0.008890	-1.117549	-0.551689	0.000630	0.000308
0.008900	-1.105942	-0.557170	0.000952	0.000630
0.008910	-1.095947	-0.558460	0.000308	0.000630
0.008920	-1.084339	-0.562651	0.000630	-0.000015
0.008930	-1.072732	-0.572969	0.000308	-0.000015
0.008940	-1.062737	-0.572969	0.000630	0.000308
0.008950	-1.052419	-0.581997	-0.000015	0.000308
0.008960	-1.039844	-0.578773	0.000630	0.000952
0.008970	-1.030816	-0.524283	0.000308	-0.000015
0.008980	-1.018242	-0.544596	-0.000015	-0.000015
0.008990	-1.006634	-0.556848	-0.000015	0.000630
0.009000	-0.996317	-0.547820	0.000308	0.000630
0.009010	-0.986321	-0.557170	0.000308	0.000630
0.009020	-0.975036	-0.561684	-0.000015	0.000952
0.009030	-0.964396	-0.576516	0.000308	0.000308
0.009040	-0.953111	-0.581030	-0.000015	0.000308
0.009050	-0.942471	-0.590380	0.000308	0.000630
0.009060	-0.929897	-0.598441	-0.000015	0.000308
0.009070	-0.920224	-0.599086	0.000308	0.000630
0.009080	-0.909584	-0.593605	0.000630	0.000308
0.009090	-0.897009	-0.604889	-0.000337	0.000308
0.009100	-0.886369	-0.620044	0.000630	-0.000015
0.009110	-0.877018	-0.627459	0.000308	0.000308
0.009120	-0.865411	-0.611660	-0.000015	-0.000015
0.009130	-0.854771	-0.605857	0.000308	0.000630
0.009140	-0.844131	-0.624880	0.000630	0.000630
0.009150	-0.832846	-0.632618	-0.000015	0.000952
0.009160	-0.821238	-0.601020	0.000308	0.000308
0.009170	-0.810921	-0.640679	-0.000015	0.000630
0.009180	-0.799636	-0.641324	0.000308	0.000630
0.009190	-0.789318	-0.667763	0.000630	0.000630
0.009200	-0.777066	-0.653898	0.000308	0.000630
0.009210	-0.766426	-0.633263	-0.000015	0.000308
0.009220	-0.756430	-0.656478	0.000308	0.000952
0.009230	-0.744823	-0.719029	0.000308	0.000630
0.009240	-0.735473	-0.668085	-0.000015	0.000308
0.009250	-0.723543	-0.562651	0.000308	0.000952
0.009260	-0.713225	-0.635843	0.000630	-0.000015
0.009270	-0.701295	-0.594572	0.000630	0.000308
0.009280	-0.689688	-0.592960	0.000630	0.001275
0.009290	-0.680015	-0.648740	0.000630	0.000308
0.009300	-0.668085	-0.716127	0.000630	0.000952
0.009310	-0.657445	-0.733538	0.000308	0.000952
0.009320	-0.647450	-0.757075	0.000630	0.000630
0.009330	-0.636487	-0.636165	0.000308	0.000952
0.009340	-0.624558	-0.515899	0.000308	0.000630
0.009350	-0.613273	-0.324377	-0.000015	0.000308
0.009360	-0.603277	-0.663249	0.000952	0.000952
0.009370	-0.592315	-0.759655	0.000952	0.000630
0.009380	-0.581997	-0.685819	-0.000337	0.000630
0.009390	-0.570067	-0.652286	0.000308	0.000630
0.009400	-0.559750	-0.601020	0.000308	0.000308
0.009410	-0.549432	-0.750304	-0.000015	-0.000015
0.009420	-0.537502	-0.724510	0.000630	0.000630
0.009430	-0.527184	-0.790608	0.000308	0.000630
0.009440	-0.517512	-0.695492	-0.000015	0.000630
0.009450	-0.504937	-0.643581	0.000630	0.000630
0.009460	-0.493329	-0.635520	0.000308	-0.000015
0.009470	-0.483012	-0.670665	0.000308	0.000952
0.009480	-0.473339	-0.802860	-0.000337	0.000630
0.009490	-0.461087	-0.778356	-0.000015	0.000630
0.009500	-0.450769	-0.726445	0.000308	0.000308
0.009510	-0.439162	-0.702907	0.000308	0.000952
0.009520	-0.428199	-0.866056	-0.000660	0.000308
0.009530	-0.418204	-0.887981	0.000952	0.000952
0.009540	-0.406596	-0.865411	0.000308	0.001275
0.009550	-0.396601	-0.870570	0.000630	0.000308
0.009560	-0.385316	-0.892495	0.000630	0.000630
0.009570	-0.374031	-0.818014	-0.000337	0.000952
0.009580	-0.363714	-0.685819	0.000308	-0.000015
0.009590	-0.352429	-0.800925	0.000308	0.000630
0.009600	-0.340821	-0.838972	0.000308	0.001275
0.009610	-0.330503	-0.753206	0.000630	0.000952
0.009620	-0.318896	-0.834136	0.000630	0.000630
0.009630	-0.307934	-0.832523	-0.000337	0.000952
0.009640	-0.298583	-0.748047	0.000630	0.000308
0.009650	-0.286653	-0.791575	0.000308	0.000308
0.009660	-0.275046	-0.839617	0.000308	-0.000337
0.009670	-0.265051	-0.856061	0.000630	0.000630
0.009680	-0.254088	-0.861864	0.000308	0.000308
0.009690	-0.241836	-0.833813	0.000630	0.000308
0.009700	-0.232163	-0.794155	0.000630	0.000630
0.009710	-0.221200	-0.818659	0.000630	0.000952
0.009720	-0.210560	-0.876051	0.000308	0.000308
0.009730	-0.199598	-0.757075	0.000630	0.000630
0.009740	-0.188958	-0.758043	0.000308	0.000630
0.009750	-0.177028	-0.726767	0.000630	0.000308
0.009760	-0.167355	-0.794799	0.000308	0.000308
0.009770	-0.155748	-0.837037	0.000308	0.000630
0.009780	-0.145752	-0.827365	0.000630	0.000308
0.009790	-0.133178	-0.806729	0.000630	0.000952
0.009800	-0.123505	-0.780290	0.000952	0.000308
0.009810	-0.112542	-0.752561	0.000308	0.000308
0.009820	-0.100935	-0.809953	-0.000337	0.000308
0.009830	-0.090940	-0.855738	0.000952	0.000630
0.009840	-0.079977	-0.815112	-0.000015	0.000630
0.009850	-0.068370	-0.813823	0.000952	0.000952
0.009860	-0.057407	-0.858962	0.000952	0.000308
0.009870	-0.046767	-0.851224	0.000308	0.000308
0.009880	-0.036127	-0.845743	0.000308	0.000952
0.009890	-0.025164	-0.837360	-0.000337	0.000308
0.009900	-0.013879	-0.844776	0.000630	0.000308
0.009910	-0.003239	-0.886691	0.000952	0.000630
0.009920	0.008046	-0.886369	0.000308	0.000952
0.009930	0.018686	-0.838327	0.000308	0.000308
0.009940	0.029326	-0.862509	0.001275	0.000308
0.009950	0.042223	-0.838005	0.000308	0.000952
0.009960	0.051574	-0.844453	0.000952	0.000630
0.009970	0.062859	-0.839939	0.000952	0.000630
0.009980	0.072531	-0.829622	-0.000015	0.000952
0.009990	0.084461	-0.856061	0.000952	0.000952
0.010000	0.095101	-0.855416	0.000952	0.000952
0.010010	0.106064	-0.855738	0.000952	0.000952
0.010020	0.117027	-0.870247	0.000308	0.000308
0.010030	0.127667	-0.877986	-0.000015	-0.000015
0.010040	0.137017	-0.867346	-0.000015	0.000630
0.010050	0.149914	-0.862187	0.000952	0.000630
0.010060	0.159909	-0.860897	0.000952	0.000308
0.010070	0.170872	-0.867346	0.000308	0.000952
0.010080	0.181835	-0.867668	-0.000337	0.000952
0.010090	0.193120	-0.850257	-0.000015	0.000308
0.010100	0.202792	-0.841229	0.000630	0.000952
0.010110	0.215045	-0.854771	0.000630	0.000630
0.010120	0.225362	-0.867023	0.000308	-0.000015
0.010130	0.238582	-0.860575	0.000630	0.000630
0.010140	0.250189	-0.852191	0.000630	0.000952
0.010150	0.259217	-0.859607	0.000630	0.000308
0.010160	0.270180	-0.869280	0.000952	0.000952
0.010170	0.279853	-0.866701	0.000952	0.000630
0.010180	0.291138	-0.855416	0.000630	-0.000337
0.010190	0.302745	-0.857673	0.000308	0.000308
0.010200	0.313063	-0.864444	0.000308	0.000630
0.010210	0.324670	-0.857350	0.000308	0.000952
0.010220	0.335955	-0.850579	0.001275	0.000308
0.010230	0.345950	-0.850902	0.000308	0.000630
0.010240	0.356268	-0.858640	0.000630	0.000630
0.010250	0.367876	-0.864766	0.000952	0.000952
0.010260	0.379805	-0.853804	-0.000337	0.000630
0.010270	0.390123	-0.848322	0.000630	0.000952
0.010280	0.400441	-0.846388	0.000630	0.000630
0.010290	0.411726	-0.834458	0.000308	-0.000015
0.010300	0.422366	-0.823173	0.000630	0.000630
0.010310	0.432684	-0.816080	0.000308	0.000952
0.010320	0.445581	-0.814467	0.000630	0.000630
0.010330	0.454931	-0.813178	0.000308	0.000952
0.010340	0.466216	-0.804472	-0.000015	-0.000015
0.010350	0.476534	-0.806729	0.000308	0.000308
0.010360	0.487496	-0.818337	0.000630	0.000630
0.010370	0.498459	-0.827687	0.000308	0.000630
0.010380	0.509099	-0.832201	0.000630	0.000630
0.010390	0.521029	-0.837682	0.000308	0.000952
0.010400	0.531992	-0.845743	-0.000337	0.000308
0.010410	0.541342	-0.846710	0.000630	0.000952
0.010420	0.553272	-0.840907	0.000630	0.000630
0.010430	0.563912	-0.838650	0.000308	0.000308
0.010440	0.574552	-0.836715	-0.000015	0.000630
0.010450	0.585837	-0.850257	0.000630	0.000308
0.010460	0.597122	-0.836393	-0.000015	0.000308
0.010470	0.607440	-0.836393	0.000308	0.000630
0.010480	0.618725	-0.826720	-0.000015	0.000952
0.010490	0.629043	-0.840584	0.000952	0.000308
0.010500	0.640972	-0.825108	0.000630	0.000630
0.010510	0.650968	-0.825752	0.000308	0.000952
0.010520	0.661285	-0.826720	0.000630	0.000630
0.010530	0.673215	-0.823495	0.000952	0.000630
0.010540	0.683211	-0.822851	-0.000015	0.000952
0.010550	0.694496	-0.820916	0.000952	0.000952
0.010560	0.705458	-0.821238	0.000952	0.000630
0.010570	0.716421	-0.820916	0.000952	0.000308
0.010580	0.727061	-0.833813	0.000630	0.000308
0.010590	0.738023	-0.818014	0.000630	0.000630
0.010600	0.749308	-0.808664	-0.000015	0.000308
0.010610	0.759948	-0.839294	0.000630	0.000308
0.010620	0.770266	-0.812855	0.000630	0.001275
0.010630	0.781229	-0.815757	0.000952	0.000952
0.010640	0.792836	-0.814145	0.000630	0.000630
0.010650	0.803154	-0.812855	0.000308	0.000630
0.010660	0.813794	-0.810598	-0.000015	0.000308
0.010670	0.825401	-0.808341	0.000630	0.000952
0.010680	0.836364	-0.806729	0.000630	0.000952
0.010690	0.847649	-0.807374	0.000952	0.000630
0.010700	0.857322	-0.806729	0.001275	0.000952
0.010710	0.868929	-0.804472	0.000952	0.001275
0.010720	0.880537	-0.812533	0.000630	0.000630
0.010730	0.890210	-0.808019	0.000308	0.000308
0.010740	0.901495	-0.804472	0.000630	0.000952
0.010750	0.912780	-0.808986	0.000630	0.000630
0.010760	0.922130	-0.800281	0.000308	0.000952
0.010770	0.933415	-0.799958	0.000630	0.000630
0.010780	0.945022	-0.788351	0.000630	0.000630
0.010790	0.955985	-0.788028	0.000630	0.000630
0.010800	0.967592	-0.787706	0.000308	0.000630
0.010810	0.976943	-0.789641	-0.000015	0.000630
0.010820	0.987905	-0.783192	0.000308	0.000952
0.010830	0.998868	-0.783837	0.000952	0.000630
0.010840	1.010476	-0.784159	0.000952	0.000952
0.010850	1.022083	-0.781580	0.000630	0.000308
0.010860	1.031433	-0.772874	0.000308	0.000630
0.010870	1.043041	-0.776099	0.001275	0.000308
0.010880	1.053036	-0.772229	-0.000015	0.000952
0.010890	1.064966	-0.772229	0.000630	0.000308
0.010900	1.075606	-0.766748	0.000308	0.000952
0.010910	1.086569	-0.776099	0.000630	0.000952
0.010920	1.095919	-0.776743	0.000308	0.000308
0.010930	1.108171	-0.779000	0.000952	0.000630
0.010940	1.119134	-0.768038	-0.000015	0.000952
0.010950	1.129452	-0.767715	0.000952	0.000952
0.010960	1.140414	-0.762879	0.000630	0.001275
0.010970	1.151377	-0.765136	0.000308	0.000952
0.010980	1.162662	-0.764491	0.000952	0.000952
0.010990	1.173302	-0.758043	0.000630	0.000952
0.011000	1.184265	-0.753206	0.000308	0.000630
0.011010	1.195872	-0.747080	0.000630	-0.000337
0.011020	1.206835	-0.749337	0.000630	0.000952
0.011030	1.216185	-0.740954	0.000630	0.000630
0.011040	1.226825	-0.736762	0.000630	0.000308
0.011050	1.237788	-0.731281	0.000952	0.000630
0.011060	1.249073	-0.728702	0.000630	0.000630
0.011070	1.260680	-0.724833	0.001275	0.000630
0.011080	1.271643	-0.723865	0.000630	0.000630
0.011090	1.281638	-0.722253	-0.000015	0.000952
0.011100	1.293246	-0.716772	0.000308	0.000630
0.011110	1.303886	-0.711935	0.000630	0.000630
0.011120	1.315493	-0.707744	-0.000015	0.000630
0.011130	1.325166	-0.705164	0.000952	-0.000015
0.011140	1.335806	-0.704842	0.000952	0.000308
0.011150	1.346769	-0.707744	0.000308	0.000308
0.011160	1.358376	-0.705164	0.000630	0.000952
0.011170	1.368049	-0.705487	0.000308	0.000952
0.011180	1.379334	-0.701295	0.000952	0.000952
0.011190	1.391264	-0.703552	-0.000015	0.000952
0.011200	1.401582	-0.709356	0.000630	0.000630
0.011210	1.412867	-0.703230	0.000630	0.001275
0.011220	1.423507	-0.691623	0.000952	0.000952
0.011230	1.433502	-0.683884	0.000308	0.000630
0.011240	1.444465	-0.681305	0.000630	0.000308
0.011250	1.455750	-0.674856	0.000630	0.000308
0.011260	1.465745	-0.674856	0.000952	0.000308
0.011270	1.476063	-0.673244	0.000308	0.000952
0.011280	1.488315	-0.678725	-0.000015	0.000308
0.011290	1.498955	-0.674534	0.000308	0.000952
0.011300	1.509273	-0.671310	0.000630	0.000630
0.011310	1.521525	-0.673567	0.000308	0.000952
0.011320	1.532488	-0.670342	0.000630	0.000630
0.011330	1.542483	-0.666151	0.000952	-0.000015
0.011340	1.554091	-0.654543	0.000952	0.000952
0.011350	1.564408	-0.650029	0.000308	0.000952
0.011360	1.575693	-0.647450	0.000630	0.000308
0.011370	1.586656	-0.650997	-0.000015	0.000630
0.011380	1.596329	-0.645838	0.000630	0.001275
0.011390	1.608259	-0.642936	-0.000015	0.000630
0.011400	1.618576	-0.642291	-0.000015	0.000308
0.011410	1.629217	-0.636487	0.000308	0.000952
0.011420	1.639857	-0.627459	0.000630	0.000630
0.011430	1.650175	-0.624880	0.000308	0.000630
0.011440	1.662427	-0.624235	0.000952	0.000952
0.011450	1.673067	-0.616819	-0.000015	0.000308
0.011460	1.684030	-0.609081	-0.000015	0.000952
0.011470	1.694670	-0.604889	0.000308	0.000308
0.011480	1.705955	-0.601343	0.000308	0.000630
0.011490	1.716273	-0.600375	-0.000015	0.000308
0.011500	1.726913	-0.599408	0.000630	0.000952
0.011510	1.738520	-0.595217	0.000630	0.000630
0.011520	1.749160	-0.590703	0.000308	0.000630
0.011530	1.759801	-0.585866	0.000630	0.000630
0.011540	1.769796	-0.582642	0.000308	-0.000015
0.011550	1.781403	-0.579740	0.000630	-0.000015
0.011560	1.792688	-0.574259	0.000630	0.000630
0.011570	1.803973	-0.570390	-0.000015	0.000308
0.011580	1.813646	-0.568778	0.000630	-0.000015
0.011590	1.825576	-0.565553	0.001275	0.000630
0.011600	1.836216	-0.560717	-0.000015	0.000308
0.011610	1.846856	-0.561039	0.000630	0.000630
0.011620	1.857497	-0.556203	0.000308	0.000952
0.011630	1.868137	-0.551366	-0.000015	0.000308
0.011640	1.879422	-0.552656	0.000308	0.000630
0.011650	1.890384	-0.553946	0.000630	0.000952
0.011660	1.901025	-0.551366	-0.000015	0.000308
0.011670	1.911987	-0.548465	0.000630	0.000308
0.011680	1.922950	-0.539759	0.000952	0.000308
0.011690	1.934235	-0.535568	0.000308	0.000630
0.011700	1.944875	-0.531054	0.000630	0.000952
0.011710	1.955193	-0.524927	0.000952	0.001275
0.011720	1.966155	-0.519769	0.000308	0.000630
0.011730	1.977763	-0.517189	-0.000015	0.000952
0.011740	1.988403	-0.514932	0.000630	-0.000015
0.011750	1.998398	-0.516222	0.000952	0.000630
0.011760	2.009361	-0.513965	0.000952	0.000630
0.011770	2.020968	-0.510418	0.000308	0.000308
0.011780	2.031286	-0.507194	0.000308	0.000630
0.011790	2.042571	-0.510096	0.000308	0.000630
0.011800	2.052889	-0.507839	0.000952	0.000952
0.011810	2.063529	-0.508806	0.000308	0.000630
0.011820	2.075137	-0.503325	-0.000015	0.000952
0.011830	2.086099	-0.491395	0.000630	0.000308
0.011840	2.097062	-0.484302	0.000308	0.000952
0.011850	2.107057	-0.479788	0.000308	0.000952
0.011860	2.118987	-0.479465	0.000630	0.000630
0.011870	2.128982	-0.477853	-0.000015	0.000630
0.011880	2.140267	-0.473984	0.000630	0.000630
0.011890	2.150263	-0.470115	0.000630	0.000308
0.011900	2.161225	-0.469470	0.000308	0.000952
0.011910	2.172510	-0.468825	0.000308	0.000308
0.011920	2.183795	-0.462699	0.000308	0.000630
0.011930	2.194758	-0.462054	0.000630	0.001275
0.011940	2.205076	-0.456573	0.000952	0.000630
0.011950	2.215716	-0.455605	0.000308	0.000952
0.011960	2.227323	-0.448190	-0.000015	0.000952
0.011970	2.237641	-0.455283	0.000630	-0.000015
0.011980	2.248604	-0.457540	0.000308	0.000952
0.011990	2.260211	-0.456573	0.000308	0.000952
0.012000	2.270851	-0.450124	0.000308	-0.000337
0.012010	2.281814	-0.446577	0.000630	0.000952
0.012020	2.292454	-0.443031	-0.000015	0.000308
0.012030	2.302450	-0.432391	-0.000015	0.000630
0.012040	2.314379	-0.423363	0.000630	0.000630
0.012050	2.324375	-0.417881	-0.000015	0.000630
0.012060	2.335982	-0.410788	0.000952	0.000630
0.012070	2.346622	-0.407241	0.000308	0.000952
0.012080	2.357585	-0.400793	0.000308	0.000630
0.012090	2.368548	-0.395956	0.000952	0.000630
0.012100	2.379188	-0.393377	0.000308	0.000308
0.012110	2.389506	-0.388540	0.000952	0.000952
0.012120	2.400791	-0.384671	0.000952	0.000952
0.012130	2.411753	-0.379190	-0.000015	0.000952
0.012140	2.422071	-0.373386	0.000308	0.000630
0.012150	2.432711	-0.369840	0.000952	0.001597
0.012160	2.444319	-0.361779	0.000308	0.000952
0.012170	2.454959	-0.355330	-0.000015	0.000308
0.012180	2.465599	-0.349849	-0.000015	0.000952
0.012190	2.476239	-0.344368	0.001275	0.000630
0.012200	2.487524	-0.340821	0.000952	0.000630
0.012210	2.497520	-0.336952	-0.000015	0.000630
0.012220	2.509127	-0.331148	0.000952	0.000308
0.012230	2.520090	-0.327279	0.000630	0.000308
0.012240	2.531052	-0.323410	-0.000015	0.000630
0.012250	2.541048	-0.318896	0.000308	-0.000015
0.012260	2.552010	-0.314382	0.000630	0.000308
0.012270	2.563940	-0.312125	0.000630	0.000630
0.012280	2.574258	-0.307934	-0.000015	0.000308
0.012290	2.585543	-0.304064	0.001597	0.000952
0.012300	2.596183	-0.299550	0.000308	0.000630
0.012310	2.606501	-0.293747	-0.000015	0.000952
0.012320	2.617464	-0.289878	0.000952	0.000308
0.012330	2.627782	-0.286331	0.000952	0.000630
0.012340	2.639067	-0.280527	0.000952	0.000630
0.012350	2.649384	-0.276980	0.000952	0.000630
0.012360	2.659702	-0.271177	-0.000015	0.001275
0.012370	2.671632	-0.267308	0.000630	0.000308
0.012380	2.681627	-0.263761	0.000952	0.000630
0.012390	2.692268	-0.258602	0.000308	0.000308
0.012400	2.621655	-0.253443	0.000308	0.000952
0.012410	2.610048	-0.248607	0.000630	0.000630
0.012420	2.597796	-0.243448	-0.000015	-0.000015
0.012430	2.585543	-0.239256	0.000630	0.000630
0.012440	2.573936	-0.236032	0.000630	0.000630
0.012450	2.562973	-0.231196	-0.000015	0.000630
0.012460	2.551043	-0.226037	0.000630	0.000630
0.012470	2.539436	-0.222168	0.001275	0.001275
0.012480	2.527506	-0.218299	-0.000015	0.000952
0.012490	2.516221	-0.213785	-0.000015	0.000308
0.012500	2.504613	-0.207981	0.000308	0.000308
0.012510	2.493651	-0.205401	0.000308	0.000630
0.012520	2.481398	-0.200887	0.000308	0.000952
0.012530	2.469468	-0.195084	0.000630	0.000952
0.012540	2.458506	-0.191215	0.000308	0.000952
0.012550	2.447221	-0.187990	0.000308	0.000308
0.012560	2.435291	-0.182187	0.000630	0.000952
0.012570	2.424006	-0.178640	0.000630	0.000308
0.012580	2.411108	-0.175416	0.000630	0.000952
0.012590	2.399823	-0.171224	-0.000015	0.000630
0.012600	2.388861	-0.166065	-0.000015	0.000630
0.012610	2.377253	-0.161229	0.000952	0.000952
0.012620	2.365968	-0.156715	0.000308	0.000630
0.012630	2.354683	-0.152846	-0.000015	0.000630
0.012640	2.342108	-0.147687	0.000952	0.000630
0.012650	2.330501	-0.143818	0.000308	0.000952
0.012660	2.320183	-0.140593	0.000308	0.000952
0.012670	2.307931	-0.135757	0.000952	0.001275
0.012680	2.296323	-0.130598	0.000952	0.000308
0.012690	2.285361	-0.126729	0.000630	0.000630
0.012700	2.273108	-0.122860	0.001275	0.000952
0.012710	2.261501	-0.119313	0.000308	0.000308
0.012720	2.251828	-0.115122	0.000630	0.001275
0.012730	2.238931	-0.110608	0.001275	0.000630
0.012740	2.227968	-0.105771	0.000308	0.000952
0.012750	2.215716	-0.101580	0.000630	0.000952
0.012760	2.204431	-0.096098	0.000952	0.000952
0.012770	2.192179	-0.091584	0.000308	0.000630
0.012780	2.181538	-0.087393	0.000952	0.000630
0.012790	2.168964	-0.083201	0.000308	0.000308
0.012800	2.158001	-0.078042	-0.000015	0.000308
0.012810	2.147038	-0.074496	-0.000015	0.000630
0.012820	2.135108	-0.069337	0.000952	0.000630
0.012830	2.123501	-0.064500	0.000308	0.000952
0.012840	2.113828	-0.060309	0.000952	0.000308
0.012850	2.100931	-0.056117	0.000630	0.000630
0.012860	2.089323	-0.051603	0.000308	0.000630
0.012870	2.078038	-0.045800	0.000630	0.000630
0.012880	2.066753	-0.042898	-0.000337	0.000952
0.012890	2.055146	-0.038061	0.000308	0.000308
0.012900	2.044183	-0.033225	0.000308	0.001597
0.012910	2.032253	-0.028389	0.000308	0.000952
0.012920	2.020001	-0.024197	0.000630	0.000630
0.012930	2.009361	-0.019361	0.000630	0.000308
0.012940	1.998398	-0.014524	0.000630	0.000952
0.012950	1.986791	-0.010655	0.001275	0.000308
0.012960	1.974539	-0.006141	-0.000015	0.000952
0.012970	1.962609	-0.002594	-0.000015	0.000308
0.012980	1.952291	0.002242	0.000952	0.000952
0.012990	1.940683	0.006434	0.000952	0.001275
0.013000	1.929721	0.011270	0.000308	0.000630
0.013010	1.917791	0.015784	0.000308	0.000630
0.013020	1.906183	0.020298	0.000952	0.000630
0.013030	1.895221	0.024812	0.000308	-0.000015
0.013040	1.882646	0.029004	0.000630	0.001275
0.013050	1.871361	0.032873	0.000308	0.000952
0.013060	1.861043	0.038032	0.000308	0.001275
0.013070	1.849436	0.041901	0.000952	0.000630
0.013080	1.837506	0.045447	0.000952	0.000952
0.013090	1.826543	0.050606	0.000308	0.000308
0.013100	1.814936	0.054798	0.000630	0.000630
0.013110	1.803973	0.059634	0.000630	0.000952
0.013120	1.791721	0.064471	0.000630	0.000630
0.013130	1.780436	0.068017	0.000952	0.000630
0.013140	1.769151	0.072531	0.000308	0.000952
0.013150	1.756576	0.076401	0.000308	0.000630
0.013160	1.745614	0.080592	0.000308	0.000630
0.013170	1.734006	0.085751	0.000630	0.000308
0.013180	1.723366	0.089943	0.000308	0.000630
0.013190	1.712081	0.093489	0.000952	0.001275
0.013200	1.701441	0.098326	0.000630	0.000630
0.013210	1.688544	0.102517	0.000630	0.000952
0.013220	1.677581	0.107031	-0.000015	0.000630
0.013230	1.665651	0.111223	-0.000015	0.000630
0.013240	1.654689	0.115414	0.000308	0.000952
0.013250	1.644048	0.120573	0.000308	0.000630
0.013260	1.632119	0.125410	0.000308	0.000952
0.013270	1.620834	0.129924	0.000630	0.000308
0.013280	1.608581	0.132825	0.000630	0.000952
0.013290	1.597619	0.139596	0.000308	0.000630
0.013300	1.586011	0.141853	0.000630	-0.000015
0.013310	1.575049	0.147335	0.000630	0.000630
0.013320	1.563119	0.152171	0.000630	0.000630
0.013330	1.552479	0.156040	0.000630	0.001275
0.013340	1.540549	0.160554	0.000630	0.000630
0.013350	1.528941	0.164423	0.000308	0.000630
0.013360	1.518301	0.168293	0.000630	0.000952
0.013370	1.506694	0.172162	0.000630	0.000630
0.013380	1.495409	0.176353	0.000630	0.000308
0.013390	1.484124	0.184414	0.000308	0.000630
0.013400	1.472516	0.185059	0.000630	-0.000015
0.013410	1.460909	0.187961	0.000952	0.000952
0.013420	1.449624	0.192475	-0.000015	0.001597
0.013430	1.438339	0.196344	0.000630	-0.000015
0.013440	1.426409	0.199568	0.000308	0.000630
0.013450	1.415124	0.203437	0.000952	0.000630
0.013460	1.403839	0.208596	0.000308	0.000630
0.013470	1.392554	0.212465	0.000952	0.000952
0.013480	1.380946	0.215690	0.000630	0.000630
0.013490	1.369661	0.220848	-0.000015	0.000308
0.013500	1.357731	0.227297	0.000630	0.000630
0.013510	1.347736	0.230199	0.000308	0.000630
0.013520	1.335484	0.230199	-0.000015	0.000308
0.013530	1.324521	0.233101	0.000630	0.000952
0.013540	1.312269	0.235035	0.000308	0.000308
0.013550	1.301951	0.252124	-0.000015	0.000630
0.013560	1.289699	0.249544	0.000630	0.000952
0.013570	1.278736	0.257283	0.000630	0.000630
0.013580	1.267774	0.257283	0.000308	0.000308
0.013590	1.255521	0.262442	0.000630	0.000308
0.013600	1.244236	0.259217	-0.000337	0.000952
0.013610	1.233919	0.272759	0.000308	0.000308
0.013620	1.222634	0.275016	0.000630	0.000952
0.013630	1.210059	0.279853	0.000952	0.000630
0.013640	1.199419	0.283399	0.001275	0.000630
0.013650	1.187811	0.286624	-0.000015	0.001275
0.013660	1.176849	0.292105	0.000630	0.000308
0.013670	1.164596	0.295007	0.001275	0.000952
0.013680	1.153634	0.298231	0.000308	0.000952
0.013690	1.141704	0.299521	0.000952	0.000630
0.013700	1.131386	0.303390	0.000630	0.001275
0.013710	1.119456	0.305647	-0.000337	0.000630
0.013720	1.107849	0.308549	0.000630	0.000630
0.013730	1.096564	0.311773	-0.000015	-0.000015
0.013740	1.085924	0.313708	0.000952	0.000952
0.013750	1.073672	0.316932	0.000952	0.000630
0.013760	1.062709	0.319189	0.000952	0.000630
0.013770	1.050779	0.322413	0.000952	0.000952
0.013780	1.040139	0.325315	-0.000015	0.001275
0.013790	1.029821	0.328217	0.000308	0.000952
0.013800	1.017247	0.331441	0.000308	0.000308
0.013810	1.004994	0.335310	0.000630	0.000630
0.013820	0.994999	0.331764	0.000952	0.000630
0.013830	0.983714	0.343693	-0.000337	0.000308
0.013840	0.971784	0.346595	0.000630	0.000630
0.013850	0.961144	0.349820	0.000308	0.000952
0.013860	0.949859	0.355301	-0.000015	-0.000015
0.013870	0.937607	0.358525	0.000308	0.000952
0.013880	0.926966	0.363039	0.000308	0.000952
0.013890	0.915037	0.366586	0.000630	0.000630
0.013900	0.903752	0.373679	0.001275	0.001275
0.013910	0.892467	0.372712	0.000952	0.000630
0.013920	0.881504	0.379161	0.000952	0.000308
0.013930	0.868929	0.384964	0.000630	0.000952
0.013940	0.857644	0.389156	0.000308	0.000308
0.013950	0.847004	0.393670	-0.000015	0.000630
0.013960	0.837654	0.396894	-0.000015	0.000952
0.013970	0.824434	0.402053	0.000308	0.000952
0.013980	0.812827	0.403665	0.000952	0.000952
0.013990	0.802187	0.409791	0.000630	0.000952
0.014000	0.790579	0.413983	0.000630	0.000308
0.014010	0.778327	0.418497	0.000952	0.000308
0.014020	0.768332	0.422366	0.000630	0.001275
0.014030	0.756402	0.425913	-0.000015	0.000308
0.014040	0.744472	0.428492	0.000308	0.000308
0.014050	0.733509	0.435908	-0.000015	0.000630
0.014060	0.723192	0.434941	0.000308	0.000630
0.014070	0.710939	0.440744	0.000308	0.001275
0.014080	0.699332	0.443969	0.000630	0.000952
0.014090	0.688369	0.447838	0.000630	0.000630
0.014100	0.677407	0.451385	0.000630	0.000308
0.014110	0.666122	0.455576	0.000630	0.000630
0.014120	0.654514	0.455576	0.000630	0.001275
0.014130	0.643229	0.497814	0.000630	0.000630
0.014140	0.630977	0.438165	-0.000015	0.000308
0.014150	0.619692	0.480725	0.000630	0.000630
0.014160	0.608730	0.461057	0.000630	0.000630
0.014170	0.597767	0.484595	0.000308	-0.000015
0.014180	0.586160	0.473955	0.000952	0.000308
0.014190	0.575197	0.509744	0.000308	0.000952
0.014200	0.563912	0.507809	0.000952	0.000308
0.014210	0.551982	0.505875	0.000952	0.000952
0.014220	0.540375	0.521996	0.000630	0.000952
0.014230	0.529412	0.518450	0.000308	0.000630
0.014240	0.518450	0.483950	0.000630	-0.000015
0.014250	0.507165	0.542632	0.000630	0.000308
0.014260	0.496202	0.510389	-0.000015	0.000952
0.014270	0.484272	0.487496	0.000308	0.000308
0.014280	0.473310	0.502006	0.000308	0.000952
0.014290	0.461702	0.497492	0.000308	0.000630
0.014300	0.450417	0.504585	0.000630	0.000308
0.014310	0.439777	0.493300	-0.000015	0.000952
0.014320	0.427525	0.574230	0.000308	0.000952
0.014330	0.416885	0.506520	0.000630	0.000952
0.014340	0.405922	0.618080	0.000308	0.000952
0.014350	0.394637	0.621949	0.000952	0.001275
0.014360	0.383675	0.664187	0.000308	0.000952
0.014370	0.371422	0.546178	-0.000337	0.000308
0.014380	0.359815	0.590674	0.000630	0.000630
0.014390	0.348530	0.552627	0.000630	0.000308
0.014400	0.339179	0.683533	0.000308	0.000308
0.014410	0.325960	0.577132	0.000952	0.000952
0.014420	0.314030	0.522964	0.000630	0.000952
0.014430	0.302423	0.517482	0.000630	0.000952
0.014440	0.291460	0.531992	-0.000015	0.000952
0.014450	0.280175	0.615501	-0.000337	0.000308
0.014460	0.269857	0.680309	-0.000015	0.000630
0.014470	0.258572	0.612599	0.000308	0.000952
0.014480	0.246965	0.517160	0.000308	0.000630
0.014490	0.235358	0.648711	0.000630	0.000308
0.014500	0.224395	0.546823	-0.000015	0.000952
0.014510	0.212788	0.626463	-0.000337	0.000308
0.014520	0.202148	0.536183	0.000308	0.000630
0.014530	0.190540	0.656771	0.000630	0.000952
0.014540	0.177965	0.668701	0.000630	0.000630
0.014550	0.167648	0.566491	0.000630	0.000952
0.014560	0.157008	0.487819	0.000308	0.000308
0.014570	0.145078	0.565202	0.000308	0.000308
0.014580	0.133470	0.632589	-0.000015	0.000952
0.014590	0.122185	0.664187	0.000630	0.000630
0.014600	0.111868	0.637748	0.000952	0.000308
0.014610	0.100260	0.583903	-0.000015	0.000952
0.014620	0.088330	0.626463	0.001275	0.000952
0.014630	0.077368	0.655159	0.000308	0.000308
0.014640	0.064793	0.651290	0.000630	0.000952
0.014650	0.055443	0.614533	-0.000015	0.000952
0.014660	0.043190	0.676762	-0.000015	-0.000337
0.014670	0.031906	0.687080	0.000630	0.000308
0.014680	0.020298	0.668056	0.001597	-0.000015
0.014690	0.009013	0.661608	-0.000015	-0.000015
0.014700	-0.001627	0.691916	0.000308	0.000952
0.014710	-0.013234	0.673860	-0.000015	0.000952
0.014720	-0.023230	0.597767	-0.000015	0.000308
0.014730	-0.036127	0.644519	0.000630	0.000630
0.014740	-0.046767	0.657739	0.000308	0.000630
0.014750	-0.057085	0.658061	0.000630	0.000308
0.014760	-0.069982	0.612599	0.000630	0.000630
0.014770	-0.081589	0.669346	-0.000337	0.000952
0.014780	-0.092229	0.686435	-0.000015	0.000308
0.014790	-0.103837	0.663865	-0.000660	0.000952
0.014800	-0.114477	0.654514	0.000952	0.000308
0.014810	-0.125762	0.661608	0.000952	0.000952
0.014820	-0.136724	0.498781	-0.000337	0.000630
0.014830	-0.149944	0.162489	-0.000015	0.000630
0.014840	-0.159294	0.271792	0.001597	0.000630
0.014850	-0.169612	0.632267	0.000308	0.000308
0.014860	-0.182832	0.643552	0.000630	0.000308
0.014870	-0.194116	0.597122	0.000308	0.000630
0.014880	-0.206046	0.555851	-0.000660	0.000952
0.014890	-0.216686	0.617758	0.000308	0.000630
0.014900	-0.227649	0.679664	-0.000337	0.000952
0.014910	-0.238289	0.661285	0.000308	0.000308
0.014920	-0.249897	0.656771	-0.000015	0.000308
0.014930	-0.261181	0.665477	0.000630	0.000630
0.014940	-0.275046	0.644519	0.000952	0.000308
0.014950	-0.287298	0.630332	0.000630	0.000952
0.014960	-0.296971	0.599379	-0.000015	0.001275
0.014970	-0.307611	0.594865	0.000308	0.000630
0.014980	-0.317929	0.635491	0.000308	-0.000015
0.014990	-0.328891	0.664832	0.000308	0.000630
0.015000	-0.341144	0.663220	0.000308	0.000630
0.015010	-0.352429	0.643874	0.000308	0.000630
0.015020	-0.363069	0.650323	0.000630	0.000630
0.015030	-0.374676	0.662575	0.000630	0.000630
0.015040	-0.386283	0.661930	0.000630	0.000952
0.015050	-0.396924	0.655159	-0.000015	0.000630
0.015060	-0.408531	0.652902	0.000308	0.000308
0.015070	-0.419494	0.649678	0.000308	0.000952
0.015080	-0.432068	0.649033	0.000630	0.000952
0.015090	-0.441741	0.657094	0.000630	-0.000015
0.015100	-0.453993	0.659996	-0.000015	0.000630
0.015110	-0.465923	0.649678	-0.000337	0.000308
0.015120	-0.477208	0.658061	0.000630	0.000630
0.015130	-0.487526	0.670958	0.000630	0.000308
0.015140	-0.498811	0.675150	-0.000015	0.000308
0.015150	-0.510418	0.650323	0.000308	0.000308
0.015160	-0.522026	0.643874	-0.000015	0.000952
0.015170	-0.532343	0.660641	0.000630	0.000630
0.015180	-0.544596	0.653225	0.000308	-0.000337
0.015190	-0.554913	0.643552	-0.000015	0.000630
0.015200	-0.565553	0.638071	0.000308	0.000308
0.015210	-0.577483	0.638715	0.000308	0.000308
0.015220	-0.588768	0.644519	0.000630	0.001275
0.015230	-0.599408	0.640328	0.000308	0.000630
0.015240	-0.611338	0.629043	-0.000015	0.000630
0.015250	-0.622945	0.636136	0.000308	0.000630
0.015260	-0.633586	0.634524	0.000630	0.000630
0.015270	-0.645193	0.631300	0.000630	0.000952
0.015280	-0.655833	0.630332	0.000630	-0.000015
0.015290	-0.668085	0.638393	0.000308	0.000308
0.015300	-0.678725	0.626786	0.000308	0.000308
0.015310	-0.691623	0.626141	-0.000337	0.000630
0.015320	-0.701295	0.626463	0.000952	0.000952
0.015330	-0.713225	0.624851	-0.000015	0.000308
0.015340	-0.724510	0.623561	0.000308	0.000308
0.015350	-0.736762	0.632912	0.000308	0.000630
0.015360	-0.746758	0.639683	0.000630	0.000952
0.015370	-0.757398	0.627753	-0.000015	0.000630
0.015380	-0.769650	0.628720	0.000952	0.000952
0.015390	-0.780935	0.633234	-0.000015	-0.000015
0.015400	-0.791898	0.632267	-0.000015	0.000952
0.015410	-0.802860	0.630332	0.000630	-0.000015
0.015420	-0.813823	0.633234	0.000630	0.000630
0.015430	-0.825430	0.633879	-0.000015	0.000952
0.015440	-0.837360	0.633879	0.000630	0.000952
0.015450	-0.848645	0.637103	0.000630	0.000308
0.015460	-0.858318	0.639360	0.000308	0.001275
0.015470	-0.868635	0.640005	0.000308	0.000630
0.015480	-0.881855	0.640005	-0.000337	0.000630
0.015490	-0.892817	0.640328	0.000630	0.000308
0.015500	-0.906037	0.638071	0.000308	0.000308
0.015510	-0.915065	0.638715	-0.000015	-0.000337
0.015520	-0.926350	0.636136	0.000308	0.000308
0.015530	-0.937635	0.631300	0.000952	0.000630
0.015540	-0.948597	0.629687	-0.000337	-0.000015
0.015550	-0.960205	0.628720	0.000308	0.000630
0.015560	-0.971167	0.624529	0.000630	0.000952
0.015570	-0.983420	0.623884	-0.000015	-0.000015
0.015580	-0.993737	0.622594	0.000630	0.000630
0.015590	-1.006312	0.620015	-0.000660	0.000952
0.015600	-1.016307	0.619047	0.000952	0.000308
0.015610	-1.028559	0.615823	0.000630	0.000630
0.015620	-1.039844	0.611309	-0.000015	-0.000015
0.015630	-1.050162	0.610342	0.000308	0.000952
0.015640	-1.060157	0.609697	0.000308	0.000630
0.015650	-1.072732	0.608085	-0.000337	0.000308
0.015660	-1.084984	0.608085	0.000308	0.000952
0.015670	-1.094979	0.605183	0.000952	0.000952
0.015680	-1.105942	0.603571	-0.000015	0.000952
0.015690	-1.117872	0.602281	-0.000015	0.000308
0.015700	-1.129157	0.601314	-0.000015	0.000630
0.015710	-1.140119	0.595510	0.000308	0.000308
0.015720	-1.150437	0.596155	-0.000015	-0.000337
0.015730	-1.162044	0.597445	0.000630	0.000952
0.015740	-1.173974	0.592931	-0.000015	0.000630
0.015750	-1.184614	0.586160	0.000630	0.000630
0.015760	-1.196867	0.585192	0.000308	0.000308
0.015770	-1.207829	0.587127	0.000630	0.000308
0.015780	-1.218147	0.582935	0.000308	0.000630
0.015790	-1.230077	0.580678	0.000308	0.000308
0.015800	-1.240394	0.578744	-0.000015	-0.000015
0.015810	-1.251679	0.576164	0.000308	0.000308
0.015820	-1.262964	0.569071	0.000308	0.000630
0.015830	-1.274894	0.566169	-0.000015	-0.000015
0.015840	-1.286179	0.564557	0.000952	0.001275
0.015850	-1.296497	0.559076	0.000952	0.000952
0.015860	-1.308426	0.559076	0.000630	0.000630
0.015870	-1.320356	0.558108	-0.000015	0.000952
0.015880	-1.330674	0.554562	-0.000015	0.000630
0.015890	-1.341959	0.552949	0.000308	0.000630
0.015900	-1.353244	0.550048	0.000308	0.000952
0.015910	-1.363884	0.549403	-0.000015	-0.000015
0.015920	-1.375814	0.546178	0.000952	0.000630
0.015930	-1.387744	0.544889	-0.000015	0.000308
0.015940	-1.397094	0.540697	-0.000015	-0.000015
0.015950	-1.409346	0.545211	0.000630	0.000308
0.015960	-1.419986	0.535538	-0.000015	0.000952
0.015970	-1.431916	0.535216	-0.000015	0.000308
0.015980	-1.443523	0.530702	0.000308	-0.000015
0.015990	-1.454164	0.528767	0.000308	0.000630
0.016000	-1.466093	0.521996	-0.000015	0.000308
0.016010	-1.477378	0.514580	0.000952	0.000630
0.016020	-1.488341	0.519417	0.000630	0.000630
0.016030	-1.498336	0.518450	-0.000337	0.000630
0.016040	-1.509944	0.514258	0.000308	0.000630
0.016050	-1.520584	0.507165	0.000630	0.000630
0.016060	-1.532513	0.506520	-0.000015	0.000308
0.016070	-1.543476	0.503940	0.000308	0.001275
0.016080	-1.554439	0.500071	0.001275	0.000630
0.016090	-1.565723	0.496202	0.000630	0.000630
0.016100	-1.577008	0.493300	0.000952	0.000630
0.016110	-1.588293	0.491366	0.000308	0.000630
0.016120	-1.598933	0.489109	0.000630	0.000308
0.016130	-1.610541	0.485239	0.000308	0.000630
0.016140	-1.621826	0.481693	-0.000015	0.000308
0.016150	-1.632466	0.477179	-0.000015	0.000630
0.016160	-1.643428	0.474922	0.000308	0.000630
0.016170	-1.655358	0.471375	-0.000015	0.000630
0.016180	-1.666643	0.468473	0.000630	0.000630
0.016190	-1.678251	0.466216	0.000308	0.000630
0.016200	-1.688568	0.461057	-0.000015	0.000630
0.016210	-1.699853	0.456543	0.000308	0.000630
0.016220	-1.711138	0.454286	-0.000015	0.000952
0.016230	-1.722423	0.452029	-0.000015	0.000952
0.016240	-1.733386	0.447838	0.000308	-0.000015
0.016250	-1.744671	0.443646	0.000630	0.000308
0.016260	-1.756278	0.440422	-0.000015	-0.000015
0.016270	-1.768853	0.434941	0.000952	0.000630
0.016280	-1.778526	0.433006	-0.000337	0.000308
0.016290	-1.789488	0.429459	-0.000015	0.000630
0.016300	-1.801095	0.423656	-0.000015	0.000952
0.016310	-1.812703	0.420754	0.000630	0.000952
0.016320	-1.823020	0.419464	0.000308	0.000952
0.016330	-1.834628	0.419142	0.000630	0.001597
0.016340	-1.845913	0.416240	-0.000015	0.000630
0.016350	-1.856875	0.413660	0.000630	0.000308
0.016360	-1.870095	0.410759	-0.000015	0.000308
0.016370	-1.879445	0.407857	0.000630	0.000308
0.016380	-1.890408	0.404310	0.000630	0.000952
0.016390	-1.902338	0.397217	0.000308	0.000308
0.016400	-1.912333	0.393992	-0.000015	0.000308
0.016410	-1.923295	0.391090	0.000630	0.000308
0.016420	-1.934903	0.387544	-0.000337	0.000630
0.016430	-1.946510	0.383997	-0.000015	0.000630
0.016440	-1.957150	0.380773	0.000952	0.000308
0.016450	-1.968758	0.381095	0.000308	-0.000015
0.016460	-1.979398	0.378193	0.000952	0.000308
0.016470	-1.990360	0.375291	0.000308	0.000630
0.016480	-2.001000	0.371422	-0.000015	0.000952
0.016490	-2.013253	0.369488	0.000630	-0.000015
0.016500	-2.024860	0.365941	0.000308	0.000630
0.016510	-2.035178	0.360782	0.000308	0.000630
0.016520	-2.046785	0.360137	0.000308	0.000308
0.016530	-2.057748	0.366263	0.000308	0.000952
0.016540	-2.069355	0.351432	0.000630	0.000952
0.016550	-2.080640	0.346918	0.000630	0.000308
0.016560	-2.090958	0.343693	0.000952	-0.000015
0.016570	-2.102243	0.338212	0.000630	0.000308
0.016580	-2.113850	0.338212	-0.000015	0.000630
0.016590	-2.124490	0.332731	0.000308	-0.000015
0.016600	-2.136097	0.329507	0.000308	0.000630
0.016610	-2.146737	0.325315	-0.000337	-0.000015
0.016620	-2.159312	0.322091	-0.000337	0.000630
0.016630	-2.169630	0.320156	0.000630	-0.000015
0.016640	-2.181882	0.316287	0.000630	0.000630
0.016650	-2.191877	0.312418	-0.000337	0.000308
0.016660	-2.203485	0.309839	0.000308	0.000308
0.016670	-2.213480	0.306937	0.000630	0.000630
0.016680	-2.226699	0.302100	0.000952	0.000308
0.016690	-2.236372	0.299521	0.000630	0.000630
0.016700	-2.247335	0.295329	0.000308	0.000952
0.016710	-2.258620	0.293072	-0.000015	0.000308
0.016720	-2.269582	0.289526	0.000308	0.000308
0.016730	-2.281512	0.284367	-0.000015	0.000630
0.016740	-2.291507	0.280175	-0.000015	0.000630
0.016750	-2.303115	0.276306	0.000630	-0.000015
0.016760	-2.314400	0.273404	0.000308	-0.000015
0.016770	-2.324395	0.270180	0.000630	0.000952
0.016780	-2.336970	0.266633	-0.000015	0.000630
0.016790	-2.347610	0.262119	-0.000337	-0.000015
0.016800	-2.358895	0.260507	-0.000015	0.000308
0.016810	-2.369857	0.256638	0.000630	0.000308
0.016820	-2.382109	0.253736	0.000308	0.000630
0.016830	-2.392105	0.252446	-0.000015	0.000630
0.016840	-2.403390	0.249222	0.000630	0.000630
0.016850	-2.414675	0.246320	0.000308	0.000630
0.016860	-2.424992	0.241806	-0.000337	-0.000015
0.016870	-2.436922	0.238904	0.000630	0.000630
0.016880	-2.448529	0.236970	-0.000660	-0.000015
0.016890	-2.460459	0.232456	0.000952	-0.000015
0.016900	-2.469487	0.228264	-0.000015	0.000308
0.016910	-2.482384	0.223105	0.000308	0.000630
0.016920	-2.492702	0.218914	0.000630	-0.000015
0.016930	-2.504309	0.215367	0.000630	-0.000015
0.016940	-2.514949	0.211820	-0.000015	0.000308
0.016950	-2.526557	0.208919	0.000308	-0.000015
0.016960	-2.536230	0.204727	0.000308	0.001275
0.016970	-2.547837	0.203760	0.000630	0.000308
0.016980	-2.558799	0.201180	0.000308	-0.000015
0.016990	-2.570729	0.196021	0.000308	0.000630
0.017000	-2.580402	0.191507	-0.000015	0.000308
0.017010	-2.592654	0.189573	0.000630	0.000630
0.017020	-2.603617	0.186349	0.000308	-0.000015
0.017030	-2.615224	0.183447	0.000308	0.000308
0.017040	-2.627154	0.179900	0.000952	0.000630
0.017050	-2.637149	0.175064	-0.000660	0.000308
0.017060	-2.648112	0.171517	0.000308	0.000630
0.017070	-2.660364	0.167970	-0.000015	0.000308
0.017080	-2.670682	0.164746	-0.000660	0.000308
0.017090	-2.681644	0.161522	-0.000015	0.000630
0.017100	-2.692284	0.158620	0.000630	0.000308
0.017110	-2.703569	0.156363	-0.000015	0.000630
0.017120	-2.715822	0.150559	0.000630	0.000952
0.017130	-2.726784	0.147012	0.000630	0.000952
0.017140	-2.737102	0.144433	-0.000015	0.000308
0.017150	-2.748709	0.139919	0.000308	0.001275
0.017160	-2.759672	0.136050	0.000630	0.000308
0.017170	-2.770312	0.132825	-0.000015	-0.000015
0.017180	-2.779985	0.128634	0.000308	0.000630
0.017190	-2.793527	0.124120	0.000308	0.000952
0.017200	-2.804167	0.120251	0.000308	0.000952
0.017210	-2.815129	0.116382	-0.000015	0.000630
0.017220	-2.825447	0.111223	0.000308	0.000630
0.017230	-2.837699	0.107999	-0.000015	0.000308
0.017240	-2.848339	0.104129	-0.000337	0.000952
0.017250	-2.858657	0.098971	-0.000015	0.000308
0.017260	-2.869619	0.094779	-0.000015	0.000630
0.017270	-2.881549	0.090265	0.000308	0.000308
0.017280	-2.891544	0.086073	0.000308	0.000308
0.017290	-2.903152	0.081237	-0.000337	0.000308
0.017300	-2.914437	0.077368	0.000308	-0.000015
0.017310	-2.923787	0.073821	-0.000015	-0.000015
0.017320	-2.935395	0.069952	-0.000015	0.000308
0.017330	-2.946035	0.065760	0.000308	0.000630
0.017340	-2.878325	0.062214	0.000630	0.000630
0.017350	-2.867362	0.058345	0.000630	0.000630
0.017360	-2.854465	0.056088	-0.000015	0.000308
0.017370	-2.844148	0.051251	-0.000015	-0.000015
0.017380	-2.833185	0.046737	0.000308	0.000630
0.017390	-2.821578	0.043190	0.000630	0.000630
0.017400	-2.809648	0.040289	0.000952	-0.000015
0.017410	-2.798685	0.036097	0.000308	0.000308
0.017420	-2.787400	0.031906	0.000630	-0.000015
0.017430	-2.776115	0.028036	-0.000015	0.000308
0.017440	-2.765153	0.025135	0.000630	0.000308
0.017450	-2.753223	0.021265	0.000308	0.000308
0.017460	-2.742261	0.018041	0.000630	-0.000015
0.017470	-2.731620	0.014817	-0.000015	0.000308
0.017480	-2.720013	0.009658	0.000308	-0.000337
0.017490	-2.709051	0.006756	-0.000337	0.000630
0.017500	-2.697121	0.002887	0.000308	0.000630
0.017510	-2.686481	-0.000337	-0.000015	0.000308
0.017520	-2.675518	-0.003562	0.000308	0.000308
0.017530	-2.664233	-0.007108	-0.000337	0.001275
0.017540	-2.654883	-0.010977	-0.000337	-0.000015
0.017550	-2.641341	-0.014202	0.000308	0.000308
0.017560	-2.629733	-0.018071	0.000308	0.000308
0.017570	-2.619416	-0.021295	-0.000337	-0.000015
0.017580	-2.608453	-0.025809	0.000630	0.000630
0.017590	-2.596201	-0.030001	-0.000015	0.000952
0.017600	-2.585239	-0.032580	0.000308	0.000308
0.017610	-2.576211	-0.037094	0.000630	0.000630
0.017620	-2.562991	-0.040963	-0.000015	0.000952
0.017630	-2.552029	-0.044187	-0.000337	0.000630
0.017640	-2.540744	-0.048379	0.000308	0.000630
0.017650	-2.530103	-0.052571	-0.000015	0.000630
0.017660	-2.519141	-0.056440	0.000308	0.000630
0.017670	-2.508178	-0.059986	0.000308	0.000630
0.017680	-2.497538	-0.064823	-0.000015	-0.000337
0.017690	-2.485286	-0.067402	-0.000015	0.000308
0.017700	-2.474324	-0.071594	0.001597	0.000630
0.017710	-2.464973	-0.074496	-0.000015	0.000308
0.017720	-2.451109	-0.078687	0.000952	0.000308
0.017730	-2.441758	-0.082879	0.000308	0.001275
0.017740	-2.430796	-0.085458	-0.000015	-0.000015
0.017750	-2.419189	-0.088683	0.000308	0.000952
0.017760	-2.408548	-0.092874	-0.000015	0.000308
0.017770	-2.396941	-0.095454	0.000630	-0.000015
0.017780	-2.385334	-0.099000	-0.000337	0.000308
0.017790	-2.375338	-0.101580	-0.000015	0.000630
0.017800	-2.362764	-0.104482	0.001275	-0.000015
0.017810	-2.352768	-0.106739	0.000630	0.000308
0.017820	-2.341161	-0.110608	-0.000337	-0.000015
0.017830	-2.330521	-0.112220	-0.000015	0.000308
0.017840	-2.318914	-0.114154	0.000308	0.000630
0.017850	-2.308918	-0.117701	0.000308	0.000630
0.017860	-2.296989	-0.120280	0.000308	0.000630
0.017870	-2.286671	-0.122860	-0.000015	0.000308
0.017880	-2.274741	-0.124794	0.000308	0.000630
0.017890	-2.264423	-0.127374	0.000308	-0.000015
0.017900	-2.252816	-0.128664	0.000308	-0.000337
0.017910	-2.240886	-0.159617	-0.000015	0.000630
0.017920	-2.230891	-0.135112	-0.000015	0.000630
0.017930	-2.220251	-0.137047	0.000308	0.000952
0.017940	-2.209611	-0.139304	-0.000015	-0.000015
0.017950	-2.198003	-0.089005	0.000952	0.000630
0.017960	-2.188008	-0.146075	-0.000337	-0.000015
0.017970	-2.176401	-0.124472	0.000308	0.000630
0.017980	-2.164793	-0.159617	-0.000015	0.000308
0.017990	-2.152541	0.010948	0.000952	0.000308
0.018000	-2.142223	-0.050314	-0.000337	-0.000337
0.018010	-2.131906	-0.114154	0.000308	-0.000015
0.018020	-2.120621	-0.118668	0.000308	0.000308
0.018030	-2.109981	-0.127051	0.000308	-0.000015
0.018040	-2.098373	-0.134467	0.000308	0.000308
0.018050	-2.088701	-0.142850	0.000308	0.000308
0.018060	-2.076448	-0.148977	0.000308	-0.000015
0.018070	-2.064841	-0.160584	0.000308	-0.000015
0.018080	-2.053556	-0.161551	0.000308	0.000308
0.018090	-2.043238	-0.165743	0.000630	0.000630
0.018100	-2.032921	-0.171547	0.000630	0.000630
0.018110	-2.021636	-0.179930	-0.000337	-0.000015
0.018120	-2.010996	-0.190892	0.000630	-0.000015
0.018130	-1.999388	-0.195406	-0.000015	0.000308
0.018140	-1.988103	-0.196696	-0.000015	0.000308
0.018150	-1.977141	-0.195084	-0.000015	0.000308
0.018160	-1.966178	-0.201210	0.000308	0.000308
0.018170	-1.955861	-0.212817	-0.000337	-0.000015
0.018180	-1.944253	-0.219911	-0.000337	0.000308
0.018190	-1.933935	-0.224102	-0.000015	0.000630
0.018200	-1.922328	-0.229261	-0.000015	0.000308
0.018210	-1.911366	-0.233775	-0.000015	0.000308
0.018220	-1.899436	-0.239256	-0.000337	0.000630
0.018230	-1.889763	-0.242481	0.000630	0.000308
0.018240	-1.878478	-0.247640	0.000308	-0.000015
0.018250	-1.867838	-0.253766	0.000630	-0.000337
0.018260	-1.856875	-0.257312	0.000308	-0.000015
0.018270	-1.845268	-0.260859	0.000630	0.000308
0.018280	-1.834628	-0.265695	-0.000337	-0.000015
0.018290	-1.823343	-0.255055	0.000308	0.000308
0.018300	-1.813025	-0.277303	-0.000015	0.000308
0.018310	-1.801418	-0.278915	-0.000015	0.000952
0.018320	-1.791100	-0.282784	0.000308	-0.000015
0.018330	-1.780138	-0.285686	0.000308	0.000630
0.018340	-1.768853	-0.288910	-0.000660	0.000308
0.018350	-1.758213	-0.285686	0.000630	-0.000015
0.018360	-1.746605	-0.296971	0.000308	0.000308
0.018370	-1.733708	-0.289555	-0.000337	0.000308
0.018380	-1.725325	-0.303097	-0.000015	-0.000337
0.018390	-1.712105	-0.307611	0.000308	0.000952
0.018400	-1.702110	-0.309868	-0.000015	0.000630
0.018410	-1.690825	-0.314382	-0.000337	0.000630
0.018420	-1.680508	-0.317606	0.000630	-0.000337
0.018430	-1.669867	-0.320831	0.000308	0.000308
0.018440	-1.657938	-0.324377	0.000630	-0.000015
0.018450	-1.647298	-0.327602	-0.000015	0.000308
0.018460	-1.636657	-0.330503	-0.000015	0.000308
0.018470	-1.626017	-0.334050	0.000308	0.000308
0.018480	-1.613765	-0.338564	-0.000015	0.000630
0.018490	-1.603770	-0.341466	-0.000015	0.000952
0.018500	-1.593775	-0.344368	-0.000015	-0.000015
0.018510	-1.582490	-0.347592	0.000308	-0.000015
0.018520	-1.570560	-0.351139	0.000308	0.000630
0.018530	-1.559920	-0.354041	-0.000337	-0.000015
0.018540	-1.549280	-0.358232	-0.000015	-0.000015
0.018550	-1.538640	-0.362424	0.000630	0.000630
0.018560	-1.527032	-0.366293	0.000308	-0.000015
0.018570	-1.517359	-0.369840	-0.000015	-0.000015
0.018580	-1.505107	-0.374354	-0.000337	-0.000015
0.018590	-1.494789	-0.376611	-0.000015	0.000308
0.018600	-1.483182	-0.379835	-0.000015	-0.000015
0.018610	-1.471897	-0.383382	-0.000015	0.000308
0.018620	-1.460612	-0.386928	-0.000337	-0.000015
0.018630	-1.451262	-0.390797	-0.000337	0.000308
0.018640	-1.439332	-0.394989	0.000308	0.000952
0.018650	-1.428047	-0.398858	-0.000015	0.000308
0.018660	-1.418052	-0.401438	-0.000015	-0.000015
0.018670	-1.406444	-0.406596	-0.000337	0.000308
0.018680	-1.395482	-0.410466	-0.000337	0.000630
0.018690	-1.385487	-0.414657	0.000308	-0.000015
0.018700	-1.374202	-0.418849	0.000630	0.000308
0.018710	-1.363239	-0.423363	-0.000015	-0.000015
0.018720	-1.351632	-0.429166	-0.000337	-0.000015
0.018730	-1.340992	-0.433358	0.000308	0.000630
0.018740	-1.330674	-0.439162	-0.000015	0.000630
0.018750	-1.319389	-0.444320	0.000308	0.000308
0.018760	-1.308749	-0.448834	0.000308	0.000308
0.018770	-1.296819	-0.453348	0.000308	-0.000015
0.018780	-1.286501	-0.455283	0.000630	0.000308
0.018790	-1.275539	-0.458507	0.000952	0.000308
0.018800	-1.264576	-0.461732	0.000630	0.000308
0.018810	-1.253614	-0.464956	-0.000015	0.000308
0.018820	-1.242006	-0.470115	-0.000015	0.000308
0.018830	-1.230721	-0.474306	-0.000015	-0.000015
0.018840	-1.221049	-0.477208	0.000630	0.000308
0.018850	-1.210086	-0.483657	-0.000015	0.000308
0.018860	-1.198801	-0.487848	-0.000337	-0.000015
0.018870	-1.188483	-0.492685	0.000630	-0.000015
0.018880	-1.176876	-0.501713	-0.000337	-0.000015
0.018890	-1.165591	-0.510741	-0.000660	-0.000015
0.018900	-1.154951	-0.519769	0.000630	0.000630
0.018910	-1.144311	-0.526862	0.000308	0.000630
0.018920	-1.133348	-0.533633	0.000308	0.000308
0.018930	-1.122063	-0.539437	0.000308	0.000630
0.018940	-1.112391	-0.543951	-0.000015	-0.000337
0.018950	-1.100783	-0.549754	-0.000337	-0.000015
0.018960	-1.089821	-0.555558	-0.000337	0.000630
0.018970	-1.078213	-0.561684	-0.000015	0.000308
0.018980	-1.067573	-0.566843	-0.000337	0.000630
0.018990	-1.057255	-0.556525	-0.000015	-0.000015
0.019000	-1.046293	-0.493974	-0.000015	-0.000337
0.019010	-1.035653	-0.553623	0.000308	0.000630
0.019020	-1.024045	-0.553623	0.000630	0.000630
0.019030	-1.013083	-0.537180	0.000308	-0.000015
0.019040	-1.002765	-0.529441	0.000308	0.000308
0.019050	-0.990835	-0.552011	0.000308	0.000630
0.019060	-0.980518	-0.580063	-0.000337	0.000630
0.019070	-0.969233	-0.581997	0.000952	0.000308
0.019080	-0.957948	-0.591670	-0.000015	0.000630
0.019090	-0.947952	-0.588446	-0.000015	-0.000015
0.019100	-0.936023	-0.591348	-0.000015	0.000630
0.019110	-0.925060	-0.595862	-0.000015	0.000308
0.019120	-0.914098	-0.598119	-0.000015	-0.000337
0.019130	-0.903780	-0.585866	0.000630	0.000308
0.019140	-0.893785	-0.588446	0.000630	0.000308
0.019150	-0.881532	-0.612305	0.000308	0.000308
0.019160	-0.869603	-0.619721	0.000308	0.000952
0.019170	-0.858962	-0.613273	-0.000337	0.000308
0.019180	-0.848645	-0.615530	0.000308	-0.000015
0.019190	-0.838327	-0.608114	0.000630	0.001275
0.019200	-0.826720	-0.632941	-0.000015	-0.000015
0.019210	-0.816080	-0.675501	0.000630	0.000630
0.019220	-0.803827	-0.698716	-0.000337	0.000952
0.019230	-0.795122	-0.641646	-0.000015	-0.000337
0.019240	-0.784804	-0.649385	0.000308	-0.000015
0.019250	-0.772552	-0.727734	0.000308	-0.000015
0.019260	-0.761589	-0.725155	0.000308	-0.000015
0.019270	-0.750949	-0.658090	0.000308	0.000952
0.019280	-0.739664	-0.714192	0.000308	0.000308
0.019290	-0.729024	-0.770940	0.000308	-0.000015
0.019300	-0.718384	-0.696781	0.000308	0.000308
0.019310	-0.707744	-0.565231	0.000308	0.000630
0.019320	-0.696781	-0.377900	0.000630	-0.000015
0.019330	-0.685496	-0.572647	-0.000015	0.000308
0.019340	-0.674534	-0.758043	-0.000015	-0.000015
0.019350	-0.663249	-0.752561	-0.000337	-0.000015
0.019360	-0.652609	-0.642936	-0.000015	0.000308
0.019370	-0.641969	-0.549109	0.000308	-0.000015
0.019380	-0.630361	-0.490105	-0.000015	-0.000337
0.019390	-0.619399	-0.718384	-0.000337	0.000308
0.019400	-0.609726	-0.749015	-0.000015	0.000630
0.019410	-0.598441	-0.767393	0.000630	0.000630
0.019420	-0.586834	-0.736440	-0.000015	0.000952
0.019430	-0.576193	-0.770295	0.000308	0.000308
0.019440	-0.565553	-0.652609	-0.000015	0.000308
0.019450	-0.554268	-0.812533	0.000308	0.000308
0.019460	-0.543628	-0.663894	-0.000015	0.000630
0.019470	-0.532021	-0.666473	0.000308	0.000630
0.019480	-0.520091	-0.756108	-0.000660	0.000308
0.019490	-0.510418	-0.827365	-0.000015	0.000308
0.019500	-0.500100	-0.831234	-0.000015	0.000308
0.019510	-0.488493	-0.773842	-0.000015	0.000630
0.019520	-0.478175	-0.707421	0.000308	0.000308
0.019530	-0.467535	-0.785449	0.000308	0.000630
0.019540	-0.456895	-0.805117	-0.000337	-0.000015
0.019550	-0.444965	-0.685174	0.000308	-0.000015
0.019560	-0.433358	-0.669375	0.000308	-0.000015
0.019570	-0.423363	-0.666473	-0.000015	0.000308
0.019580	-0.412723	-0.684529	0.000308	0.000308
0.019590	-0.400793	-0.731604	-0.000015	-0.000015
0.019600	-0.390475	-0.852836	-0.000015	0.000630
0.019610	-0.380157	-0.877986	0.000308	-0.000015
0.019620	-0.369517	-0.719029	0.000308	0.000308
0.019630	-0.356943	-0.865411	0.000308	0.000630
0.019640	-0.347915	-0.715160	0.000308	0.000630
0.019650	-0.336630	-0.731281	-0.000015	0.000630
0.019660	-0.325667	-0.692267	-0.000015	0.000308
0.019670	-0.313737	-0.825108	0.000630	0.000308
0.019680	-0.303097	-0.866056	-0.000015	0.000952
0.019690	-0.292457	-0.818659	-0.000660	-0.000015
0.019700	-0.281172	-0.836393	-0.000337	-0.000015
0.019710	-0.271822	-0.882500	-0.000015	-0.000015
0.019720	-0.259569	-0.865089	0.000308	-0.000015
0.019730	-0.248284	-0.779968	0.000308	0.000952
0.019740	-0.237644	-0.800603	-0.000015	0.000308
0.019750	-0.227004	-0.868958	0.000630	-0.000015
0.019760	-0.215719	-0.798991	-0.000015	0.000308
0.019770	-0.206046	-0.854448	0.000308	0.000308
0.019780	-0.194116	-0.868635	-0.000015	-0.000015
0.019790	-0.183154	-0.800281	-0.000015	-0.000015
0.019800	-0.172191	-0.786416	0.000308	0.000308
0.019810	-0.161874	-0.785771	0.000630	0.000308
0.019820	-0.150911	-0.800925	-0.000015	0.000630
0.019830	-0.138981	-0.827687	-0.000660	0.000308
0.019840	-0.129631	-0.894752	-0.000015	-0.000015
0.019850	-0.118668	-0.860252	0.000308	0.000308
0.019860	-0.107706	-0.828654	-0.000660	-0.000337
0.019870	-0.095454	-0.885724	0.000952	-0.000015
0.019880	-0.084169	-0.891205	-0.000660	-0.000015
0.019890	-0.074496	-0.802860	-0.000337	0.000308
0.019900	-0.064500	-0.808019	0.000308	0.000630
0.019910	-0.052248	-0.833168	-0.000337	-0.000015
0.019920	-0.041931	-0.825752	-0.000982	0.000308
0.019930	-0.031935	-0.810921	-0.000015	0.000308
0.019940	-0.020005	-0.834780	0.000308	0.000308
0.019950	-0.009043	-0.885402	0.000630	-0.000015
0.019960	0.001920	-0.848000	0.000308	-0.000015
0.019970	0.012237	-0.851869	0.000630	0.000308
0.019980	0.024812	-0.864444	0.000308	0.000308
0.019990	0.034807	-0.849934	-0.000015	0.000630
0.020000	0.045447	-0.890238	0.000308	0.000630
