0.000067	0.153783	-0.012912	0.000630	0.000630
0.000133	0.165391	0.178933	0.000308	0.001920
0.000200	0.176676	-0.002917	0.000308	-0.000337
0.000267	0.186671	0.193120	0.000308	0.000308
0.000333	0.197311	0.041256	0.000308	0.000308
0.000400	0.208596	0.146690	0.000630	0.000308
0.000467	0.219881	0.213110	-0.000015	0.000308
0.000533	0.230521	0.161844	-0.000337	0.000952
0.000600	0.240516	0.243418	0.000308	-0.000015
0.000667	0.252124	0.136050	-0.000015	-0.000015
0.000733	0.264376	0.281465	-0.000337	-0.000337
0.000800	0.274694	0.212788	0.000308	0.000630
0.000867	0.285334	0.161844	0.000630	0.000308
0.000933	0.296297	0.124120	-0.000660	0.000952
0.001000	0.305325	0.199246	-0.000337	0.000308
0.001067	0.317254	0.291783	0.000952	0.000308
0.001133	0.328539	0.228587	0.000308	-0.000337
0.001200	0.339179	0.109611	-0.000337	0.000308
0.001267	0.350142	0.297264	0.000952	0.000308
0.001333	0.362394	0.250189	0.000308	-0.000337
0.001400	0.371422	0.316610	-0.000337	-0.000337
0.001467	0.383030	0.223428	0.000952	-0.000015
0.001533	0.393670	0.368843	0.000630	0.000630
0.001600	0.404310	0.422688	0.000630	-0.000015
0.001667	0.413660	0.280498	0.000630	-0.000337
0.001733	0.425268	0.423011	-0.000015	0.000952
0.001800	0.434941	0.378838	-0.000337	-0.000015
0.001867	0.445581	0.483627	-0.000015	-0.000015
0.001933	0.456543	0.313063	0.000308	0.000630
0.002000	0.468473	0.507809	-0.000015	0.000308
0.002067	0.479113	0.494912	-0.000015	0.000630
0.002133	0.489431	0.320156	-0.000660	0.000630
0.002200	0.500071	0.377548	0.000308	-0.000337
0.002267	0.509422	0.443001	-0.000660	0.000952
0.002333	0.520062	0.520707	-0.000015	0.000630
0.002400	0.532959	0.313063	0.000952	-0.000015
0.002467	0.540697	0.570038	0.000308	0.000952
0.002533	0.552949	0.451062	-0.000337	0.000308
0.002600	0.564557	0.454931	-0.000015	0.000952
0.002667	0.574875	0.467506	-0.000337	0.000630
0.002733	0.585515	0.429782	-0.000337	0.000630
0.002800	0.596477	0.431072	-0.000015	0.000630
0.002867	0.605828	0.584547	0.000308	-0.000337
0.002933	0.616790	0.439455	0.000308	-0.000015
0.003000	0.629365	0.445903	-0.000015	-0.000660
0.003067	0.638071	0.620982	0.000630	0.000952
0.003133	0.649678	0.439132	0.000630	0.000630
0.003200	0.660641	0.502973	0.000952	0.000308
0.003267	0.671603	0.600024	0.000630	0.000952
0.003333	0.682243	0.637748	0.000630	0.000952
0.003400	0.692239	0.691916	0.000630	0.000630
0.003467	0.702879	0.718355	0.000308	0.001275
0.003533	0.713519	0.683211	0.000308	0.000630
0.003600	0.725126	0.519094	0.000630	0.000630
0.003667	0.734799	0.514903	0.000952	0.000952
0.003733	0.745762	0.751888	-0.000015	0.000630
0.003800	0.757047	0.777037	0.000630	-0.000015
0.003867	0.767042	0.577132	0.000308	0.000308
0.003933	0.779294	0.605505	0.000308	0.000952
0.004000	0.788967	0.619047	0.000308	-0.000660
0.004067	0.797995	0.779939	0.000308	-0.000015
0.004133	0.808635	0.817663	-0.000015	0.000630
0.004200	0.821210	0.772846	0.000308	0.000630
0.004267	0.831850	0.726093	-0.000015	-0.000015
0.004333	0.841845	0.811859	-0.000015	0.001275
0.004400	0.853775	0.807345	-0.000015	0.000630
0.004467	0.865383	0.701589	0.000630	0.000952
0.004533	0.876023	0.882794	0.000630	0.000952
0.004600	0.886985	0.734477	-0.000015	0.000308
0.004667	0.896658	0.825724	0.000952	0.000308
0.004733	0.907943	0.917616	-0.000015	0.001275
0.004800	0.917938	0.843135	0.000308	0.000308
0.004867	0.929223	0.894401	-0.000337	0.000630
0.004933	0.940186	0.873766	-0.000015	0.001275
0.005000	0.950504	0.935994	0.000308	0.000308
0.005067	0.962111	0.819275	0.000630	0.000952
0.005133	0.972429	0.810570	-0.000015	0.000308
0.005200	0.983714	0.810892	0.000630	-0.000015
0.005267	0.994032	0.975331	0.000308	0.000308
0.005333	1.004027	0.987905	0.000630	0.001275
0.005400	1.014990	0.812182	-0.000015	-0.000015
0.005467	1.026275	0.897303	0.000630	0.000630
0.005533	1.037882	0.979522	-0.000015	0.000952
0.005600	1.049489	0.971139	0.000308	0.000308
0.005667	1.059162	0.814439	0.000308	0.000308
0.005733	1.068835	0.805733	-0.000015	0.000630
0.005800	1.080765	0.989195	0.000630	0.000308
0.005867	1.091728	0.953406	0.000630	0.000308
0.005933	1.102045	1.068513	0.000308	0.000308
0.006000	1.113330	0.946635	0.000630	0.000630
0.006067	1.123003	0.940508	0.000630	-0.000337
0.006133	1.134288	1.109461	0.000630	0.000630
0.006200	1.144606	1.129774	-0.000015	0.000952
0.006267	1.156858	0.958887	-0.000015	0.000952
0.006333	1.166853	0.951793	0.000630	0.000308
0.006400	1.178783	0.970494	0.000308	0.000952
0.006467	1.189746	0.951149	0.000952	0.000630
0.006533	1.199741	1.020148	0.000630	0.000630
0.006600	1.210704	1.046588	-0.000337	0.000630
0.006667	1.221666	1.029176	0.000308	0.000308
0.006733	1.232629	1.089793	0.000308	0.000308
0.006800	1.242947	1.272933	0.000630	0.000952
0.006867	1.253909	1.134611	0.000952	0.001275
0.006933	1.264227	1.073672	0.000630	-0.000015
0.007000	1.273577	1.096242	0.000630	0.000630
0.007067	1.285185	1.114620	0.000630	0.000630
0.007133	1.295825	1.228437	0.000308	0.000308
0.007200	1.305175	1.276802	0.001275	0.000630
0.007267	1.317105	1.294535	0.000630	0.000630
0.007333	1.328713	1.317105	0.000308	0.000308
0.007400	1.339998	1.129129	0.000308	0.000952
0.007467	1.350960	1.092695	0.000308	0.001275
0.007533	1.359988	1.327745	0.000952	0.000630
0.007600	1.371273	1.276479	-0.000015	0.000308
0.007667	1.381914	1.300017	0.000308	0.000952
0.007733	1.394166	1.334839	0.000630	0.000952
0.007800	1.403194	1.189746	0.000308	0.000308
0.007867	1.416091	1.266484	0.000630	0.000630
0.007933	1.426086	1.314203	0.000630	-0.000015
0.008000	1.435759	1.344189	-0.000015	0.000952
0.008067	1.447367	1.345801	0.000630	0.000630
0.008133	1.458652	1.283250	-0.000015	0.001275
0.008200	1.468325	1.239078	0.000308	0.000630
0.008267	1.479610	1.292278	0.000308	0.000630
0.008333	1.489927	1.370629	0.000630	0.000630
0.008400	1.502502	1.320974	0.000308	0.000308
0.008467	1.512497	1.344512	0.000952	0.000630
0.008533	1.523137	1.412544	0.000630	0.000308
0.008600	1.533455	1.452525	-0.000015	0.000630
0.008667	1.544095	1.470904	0.000952	0.000952
0.008733	1.556348	1.333549	0.000952	0.000630
0.008800	1.564731	1.417703	0.000308	0.000952
0.008867	1.576016	1.629539	0.000630	0.000308
0.008933	1.587301	1.576983	0.000630	0.000630
0.009000	1.598586	1.387072	0.000308	0.000952
0.009067	1.609226	1.582142	0.000952	-0.000015
0.009133	1.617932	1.408675	0.000630	0.000630
0.009200	1.631151	1.530876	0.000308	0.000952
0.009267	1.641147	1.664039	0.000952	-0.000015
0.009333	1.652432	1.539259	0.000630	0.000630
0.009400	1.661782	1.510563	0.000308	0.000952
0.009467	1.673712	1.673712	0.000952	0.000952
0.009533	1.684674	1.594072	0.000630	0.000630
0.009600	1.694670	1.613095	0.000630	0.001275
0.009667	1.705310	1.724333	0.000308	0.000630
0.009733	1.715305	1.667908	0.000630	0.000308
0.009800	1.727235	1.701118	0.000308	0.000630
0.009867	1.737230	1.715628	0.000308	0.001275
0.009933	1.746903	1.808487	0.000952	0.001275
0.010000	1.759156	1.755931	0.000952	0.000952
0.010067	1.769473	1.694670	0.000630	0.000952
0.010133	1.780114	1.765282	-0.000015	0.000952
0.010200	1.790754	1.547320	0.000952	0.000308
0.010267	1.802361	1.693058	0.000630	0.000308
0.010333	1.811712	1.775277	0.000630	0.000630
0.010400	1.822997	1.593427	-0.000015	0.000630
0.010467	1.833314	1.605679	-0.000015	0.000308
0.010533	1.846212	1.528619	0.000630	0.000630
0.010600	1.856529	1.642436	0.000630	0.000630
0.010667	1.867170	1.664361	0.000308	0.000308
0.010733	1.876198	1.738198	0.000630	0.000630
0.010800	1.888772	1.751740	0.000308	0.000308
0.010867	1.897800	1.714660	0.000308	-0.000015
0.010933	1.909408	1.829768	0.000630	0.000952
0.011000	1.921338	1.656301	0.000308	0.000630
0.011067	1.930688	1.753674	0.000630	0.000308
0.011133	1.941973	1.918436	0.000308	0.000630
0.011200	1.952291	1.883613	-0.000015	0.000308
0.011267	1.964221	1.730459	-0.000015	0.000308
0.011333	1.973894	1.811389	0.000630	0.000308
0.011400	1.984856	1.806553	-0.000015	0.000630
0.011467	1.994852	1.867814	-0.000015	0.000630
0.011533	2.006137	1.835249	0.000952	0.001275
0.011600	2.017422	1.930688	-0.000337	0.000630
0.011667	2.028384	1.975828	0.000952	0.000308
0.011733	2.040314	1.979053	-0.000015	0.000952
0.011800	2.050309	1.980020	0.000630	0.000308
0.011867	2.061272	2.027095	0.000308	0.000308
0.011933	2.070945	2.104800	0.000308	0.000308
0.012000	2.081908	2.112216	0.000952	0.000630
0.012067	2.092548	2.176380	-0.000015	0.000308
0.012133	2.104478	2.179604	0.000630	0.000308
0.012200	2.136721	2.220230	0.000630	0.000952
0.012267	2.153165	2.173478	-0.000015	-0.000337
0.012333	2.167351	2.232805	0.000308	0.000308
0.012400	2.161870	2.173155	-0.000015	0.000630
0.012467	2.182828	2.188632	-0.000015	0.000630
0.012533	2.192501	2.224422	0.000630	-0.000015
0.012600	2.200884	2.228291	-0.000015	-0.000015
0.012667	2.218295	2.209590	0.000630	0.000630
0.012733	2.219585	2.226679	0.000630	0.000308
0.012800	2.212492	2.191211	-0.000015	0.000630
0.012867	2.222165	2.126080	0.000630	0.000630
0.012933	2.233450	2.090936	0.000630	0.000630
0.013000	2.244090	2.064496	-0.000337	0.000630
0.013067	2.254085	2.066431	-0.000015	0.000308
0.013133	2.266015	2.083520	0.000308	0.000308
0.013200	2.277300	2.161870	-0.000660	0.000630
0.013267	2.286651	2.119632	-0.000015	0.000952
0.013333	2.297936	2.159613	0.000308	0.000952
0.013400	2.308898	2.214104	-0.000015	0.000952
0.013467	2.318571	2.152842	0.000308	-0.000337
0.013533	2.329534	2.143492	0.001275	-0.000015
0.013600	2.341141	2.191534	-0.000015	0.000630
0.013667	2.350814	2.224099	0.000630	0.000308
0.013733	2.362422	2.183473	0.000308	0.000308
0.013800	2.372739	2.093515	-0.000015	0.000308
0.013867	2.384347	2.123823	-0.000015	-0.000015
0.013933	2.395954	2.168641	0.000308	-0.000015
0.014000	2.406272	2.256342	-0.000337	-0.000015
0.014067	2.416590	2.217651	0.000630	0.000952
0.014133	2.426263	2.312122	-0.000337	-0.000015
0.014200	2.438193	2.171543	-0.000337	0.000630
0.014267	2.448188	2.329856	0.000630	-0.000015
0.014333	2.459151	2.190566	0.000308	-0.000015
0.014400	2.470436	2.208622	0.000308	0.000308
0.014467	2.480753	2.181861	0.000952	0.000630
0.014533	2.491716	2.238286	0.000308	-0.000015
0.014600	2.502679	2.269562	-0.000337	-0.000337
0.014667	2.512996	2.322118	0.000630	0.000308
0.014733	2.524604	2.513319	0.000308	0.000308
0.014800	2.535566	2.551688	0.000308	0.000308
0.014867	2.544917	2.482366	-0.000015	-0.000015
0.014933	2.557169	2.438515	-0.000337	0.000630
0.015000	2.567165	2.531697	0.000308	0.000308
0.015067	2.578772	2.483978	0.000308	-0.000660
0.015133	2.588445	2.491716	0.000308	0.000308
0.015200	2.599408	2.463342	-0.000015	0.000308
0.015267	2.609403	2.543627	0.000308	-0.000660
0.015333	2.621010	2.498809	-0.000015	-0.000015
0.015400	2.632940	2.522669	-0.000015	0.000952
0.015467	2.642936	2.483333	-0.000660	-0.000015
0.015533	2.651641	2.583931	-0.000337	0.000630
0.015600	2.663894	2.612950	-0.000337	0.000630
0.015667	2.673244	2.639389	0.000630	0.000308
0.015733	2.684207	2.603922	-0.000015	0.000952
0.015800	2.697104	2.602954	0.000308	0.000630
0.015867	2.705487	2.507515	-0.000015	0.000630
0.015933	2.611338	2.621978	0.000308	0.000630
0.016000	2.599408	2.619398	-0.000337	0.000952
0.016067	2.586833	2.687109	-0.000015	0.000308
0.016133	2.574258	2.698394	-0.000015	0.000308
0.016200	2.563295	2.661314	0.000308	0.000630
0.016267	2.551043	2.728702	0.000308	-0.000015
0.016333	2.539113	2.736441	0.000630	0.000630
0.016400	2.526861	2.737085	-0.000337	0.000630
0.016467	2.515253	2.676791	-0.000337	-0.000015
0.016533	2.503323	2.529440	0.000630	0.000952
0.016600	2.491716	2.591347	0.000630	0.000308
0.016667	2.479464	2.529118	-0.000337	-0.000015
0.016733	2.467211	2.445286	0.000630	0.000308
0.016800	2.456249	2.517188	0.000308	0.000630
0.016867	2.444319	2.471403	-0.000337	-0.000015
0.016933	2.432066	2.441417	0.000308	0.000308
0.017000	2.420459	2.344365	0.000308	0.000952
0.017067	2.408851	2.424651	0.000630	-0.000015
0.017133	2.397566	2.431744	0.000308	-0.000337
0.017200	2.385959	2.343076	0.000630	0.000630
0.017267	2.373707	2.521380	0.000308	0.000630
0.017333	2.361777	2.640034	-0.000015	0.000308
0.017400	2.351459	2.600053	-0.000660	-0.000015
0.017467	2.338884	2.507837	-0.000337	-0.000015
0.017533	2.328566	2.531052	-0.000015	-0.000015
0.017600	2.315669	2.282781	-0.000015	0.000308
0.017667	2.303417	2.250861	-0.000337	-0.000015
0.017733	2.291809	2.131239	0.000308	-0.000015
0.017800	2.279879	2.213781	0.000308	-0.000015
0.017867	2.269239	2.131562	0.000308	0.000308
0.017933	2.257632	2.172510	0.000630	0.000308
0.018000	2.245379	2.126725	-0.000015	0.000308
0.018067	2.233772	2.214749	-0.000337	-0.000015
0.018133	2.221520	2.235384	0.000308	0.000952
0.018200	2.210879	2.194113	0.000308	0.000308
0.018267	2.199272	2.274398	-0.000015	0.000308
0.018333	2.188309	2.269239	0.000308	0.000308
0.018400	2.176057	2.244090	0.000308	0.000630
0.018467	2.164127	2.306641	-0.000015	0.000308
0.018533	2.153809	2.328889	-0.000015	0.000630
0.018600	2.140912	2.392730	0.000308	0.000308
0.018667	2.128660	2.370805	-0.000337	-0.000015
0.018733	2.118342	2.246347	-0.000015	0.000952
0.018800	2.105767	2.220230	-0.000015	0.000308
0.018867	2.094482	2.152197	0.000630	0.000308
0.018933	2.084165	2.259244	-0.000337	-0.000015
0.019000	2.072235	2.278590	-0.000337	0.000308
0.019067	2.058693	2.187342	0.000308	0.000308
0.019133	2.049665	2.174122	0.000308	-0.000337
0.019200	2.035478	2.125113	0.000308	-0.000015
0.019267	2.026127	2.169286	-0.000015	0.000630
0.019333	2.013553	2.039992	-0.000015	0.000308
0.019400	2.002590	1.982277	0.000308	0.000952
0.019467	1.991950	2.024838	-0.000015	-0.000015
0.019533	1.977118	2.095450	0.000308	0.000308
0.019600	1.967768	1.898768	-0.000015	-0.000015
0.019667	1.956805	2.179281	-0.000337	0.000308
0.019733	1.943908	2.091258	0.000308	0.000308
0.019800	1.932623	2.027739	0.000308	0.000308
0.019867	1.921983	2.140590	-0.000015	0.000308
0.019933	1.910697	1.981632	0.000952	-0.000015
0.020000	1.897155	2.075781	0.000630	0.000308
0.020067	1.886515	2.006459	-0.000015	-0.000015
0.020133	1.873618	2.033866	0.000308	0.000308
0.020200	1.862656	1.986791	0.000630	0.000630
0.020267	1.853627	1.932623	0.000630	0.000308
0.020333	1.841375	2.033866	0.000308	0.000630
0.020400	1.829123	1.995174	-0.000660	-0.000015
0.020467	1.817515	1.869749	0.000308	0.000308
0.020533	1.806875	1.879744	0.000308	0.000308
0.020600	1.794945	1.940683	-0.000015	-0.000015
0.020667	1.784305	1.905539	0.000630	0.000630
0.020733	1.773665	1.780436	0.000630	0.000308
0.020800	1.765927	1.905216	-0.000015	0.000952
0.020867	1.755931	1.724011	0.000630	-0.000015
0.020933	1.739810	1.765927	-0.000015	0.000952
0.021000	1.725623	1.783660	0.000308	0.000308
0.021067	1.714983	1.870071	0.000952	0.000630
0.021133	1.703698	1.864268	0.000308	0.000952
0.021200	1.691768	1.769151	0.000308	0.000308
0.021267	1.680805	1.827188	0.000952	0.000630
0.021333	1.667263	1.671132	0.000952	-0.000015
0.021400	1.657268	1.707245	0.000308	0.000952
0.021467	1.646628	1.696282	-0.000015	-0.000015
0.021533	1.634053	1.488315	0.000308	0.000952
0.021600	1.622123	1.344834	0.000952	0.000952
0.021667	1.611805	1.314203	-0.000015	0.000630
0.021733	1.600520	1.221666	-0.000015	0.000308
0.021800	1.589880	1.281961	-0.000015	0.000308
0.021867	1.577628	1.372241	0.000952	0.000308
0.021933	1.567310	1.337741	-0.000015	0.000630
0.022000	1.554091	1.337418	-0.000015	0.000630
0.022067	1.543773	1.381269	0.001275	0.000630
0.022133	1.531198	1.342900	0.000308	-0.000015
0.022200	1.520880	1.396745	0.000630	0.000952
0.022267	1.509595	1.395456	0.000630	0.000308
0.022333	1.499278	1.350315	-0.000015	0.000630
0.022400	1.486703	1.464133	0.000952	0.000952
0.022467	1.475096	1.376432	0.000630	-0.000015
0.022533	1.464778	1.392231	0.000952	0.000630
0.022600	1.452203	1.384171	0.000308	0.000630
0.022667	1.441563	1.366115	0.000630	0.000952
0.022733	1.429955	1.418670	-0.000015	-0.000015
0.022800	1.419315	1.384171	-0.000015	0.000630
0.022867	1.407063	1.453815	0.000308	0.000308
0.022933	1.396423	1.444142	0.000308	0.000630
0.023000	1.384493	1.444787	-0.000015	0.000630
0.023067	1.374498	1.459941	-0.000015	0.000630
0.023133	1.360633	1.417058	0.000630	0.000630
0.023200	1.350960	1.425119	0.000630	0.000630
0.023267	1.339998	1.408675	-0.000015	0.000630
0.023333	1.327745	1.227793	-0.000015	0.000630
0.023400	1.317105	1.333549	0.000630	0.000952
0.023467	1.304853	1.333872	0.000952	-0.000015
0.023533	1.294213	1.325811	0.000952	0.000952
0.023600	1.284218	1.297437	-0.000015	0.000630
0.023667	1.270998	1.223278	-0.000015	-0.000015
0.023733	1.260680	1.344834	0.000308	0.000952
0.023800	1.248106	1.323876	0.000952	0.000952
0.023867	1.238110	1.345479	0.000952	0.000630
0.023933	1.226180	1.412544	0.000308	0.001275
0.024000	1.215218	1.374175	-0.000015	0.000952
0.024067	1.202321	1.378367	0.000308	0.000308
0.024133	1.191358	1.349026	0.000952	0.000630
0.024200	1.178138	1.379979	0.001275	0.000952
0.024267	1.168143	1.284218	0.000630	0.000952
0.024333	1.156858	1.331292	0.000630	0.000630
0.024400	1.145896	1.282928	0.000308	-0.000015
0.024467	1.134611	1.319685	0.000308	0.000308
0.024533	1.122036	1.247138	0.000308	0.000952
0.024600	1.112685	1.284862	0.000952	0.001275
0.024667	1.100111	1.241657	0.000630	0.000630
0.024733	1.089793	1.220377	0.000630	0.000630
0.024800	1.078186	1.172012	0.000308	0.000308
0.024867	1.065933	1.246171	-0.000015	-0.000015
0.024933	1.054971	1.056583	0.000630	0.001597
0.025000	1.041751	0.989195	0.000630	0.000952
0.025067	1.032723	1.030789	-0.000015	0.000308
0.025133	1.021116	0.992420	0.000308	0.000308
0.025200	1.011443	1.049167	0.000308	0.000952
0.025267	0.998868	0.903752	-0.000015	0.000630
0.025333	0.986293	0.924387	0.000630	-0.000337
0.025400	0.976620	1.027564	0.000630	-0.000015
0.025467	0.963401	1.055938	0.000952	-0.000015
0.025533	0.954373	1.004349	0.000308	-0.000337
0.025600	0.940508	0.955663	0.000308	0.000630
0.025667	0.930191	0.921808	0.000308	0.000952
0.025733	0.919873	0.914069	-0.000015	0.000308
0.025800	0.907298	0.863448	0.000308	0.000952
0.025867	0.896013	0.872798	0.000630	0.000952
0.025933	0.884728	0.868284	0.000952	0.000630
0.026000	0.873443	0.865060	0.000308	0.000952
0.026067	0.860546	0.904396	0.000630	0.000630
0.026133	0.849584	0.843780	0.000630	0.000630
0.026200	0.839266	0.801864	0.000952	0.000630
0.026267	0.828303	0.855065	0.000630	0.000630
0.026333	0.816373	0.841845	0.000952	0.000952
0.026400	0.804444	0.852163	-0.000015	0.001275
0.026467	0.794448	0.805411	-0.000015	0.000630
0.026533	0.781874	0.736734	0.000308	0.000952
0.026600	0.771556	0.754145	0.000952	0.001275
0.026667	0.758981	0.717388	0.000630	0.000308
0.026733	0.748341	0.766075	0.000630	0.000952
0.026800	0.736411	0.763173	0.000308	0.001275
0.026867	0.725449	0.699010	-0.000015	0.000630
0.026933	0.715453	0.767364	0.000952	0.000630
0.027000	0.702556	0.695463	0.000630	0.001275
0.027067	0.691916	0.731575	0.000630	0.000630
0.027133	0.681598	0.731252	0.000952	0.000630
0.027200	0.669024	0.658061	0.000630	0.000952
0.027267	0.658061	0.689659	-0.000015	0.001597
0.027333	0.648066	0.706748	0.000630	0.000308
0.027400	0.635491	0.705136	0.000308	0.000952
0.027467	0.623239	0.655804	-0.000337	0.000630
0.027533	0.612599	0.619370	0.001275	0.000308
0.027600	0.602603	0.657094	0.000308	0.000952
0.027667	0.590674	0.618725	0.000308	0.000308
0.027733	0.579066	0.658061	0.000308	0.000630
0.027800	0.567459	0.584870	0.000630	0.000630
0.027867	0.557786	0.636136	-0.000015	0.000952
0.027933	0.545534	0.606473	0.000308	0.000308
0.028000	0.533604	0.639360	0.000308	0.000952
0.028067	0.523286	0.581968	-0.000337	0.000630
0.028133	0.511679	0.593898	-0.000015	0.000630
0.028200	0.500394	0.556496	0.000308	0.000952
0.028267	0.490721	0.543921	-0.000015	0.000952
0.028333	0.479113	0.530057	0.000630	0.000630
0.028400	0.467506	0.684823	0.000630	0.000630
0.028467	0.456543	0.513613	0.000630	0.000308
0.028533	0.444614	0.679664	0.000630	0.000952
0.028600	0.433329	0.599702	0.000952	0.000308
0.028667	0.422366	0.651935	0.000952	0.000630
0.028733	0.410436	0.505552	0.000630	0.000630
0.028800	0.399151	0.505552	-0.000015	0.001275
0.028867	0.389156	0.586804	-0.000015	0.000630
0.028933	0.376259	0.571973	0.000308	0.000630
0.029000	0.364006	0.449772	-0.000015	0.000630
0.029067	0.353044	0.557463	0.000308	0.000630
0.029133	0.344016	0.551337	0.000630	0.000308
0.029200	0.331119	0.395604	0.000630	0.000630
0.029267	0.321446	0.511034	0.000630	-0.000015
0.029333	0.310483	0.494912	0.000308	0.000952
0.029400	0.298876	0.502328	0.000308	0.000308
0.029467	0.287269	0.414950	-0.000015	0.000630
0.029533	0.273404	0.344016	0.000630	-0.000015
0.029600	0.266311	0.453642	0.001597	0.000952
0.029667	0.253091	0.244386	0.000308	0.000308
0.029733	0.240516	0.225040	0.000308	0.000308
0.029800	0.230521	0.423978	0.000308	0.000308
0.029867	0.219559	0.196344	0.000308	0.000630
0.029933	0.206662	0.183447	0.000630	0.000630
0.030000	0.196989	0.166680	0.000308	0.000308
0.030067	0.186671	0.287269	0.000308	0.000630
0.030133	0.174741	0.317899	0.000630	-0.000015
0.030200	0.163779	0.180222	-0.000015	0.000952
0.030267	0.152171	0.149592	-0.000015	0.000952
0.030333	0.140241	0.204082	-0.000015	0.000952
0.030400	0.128311	0.295974	-0.000015	0.000308
0.030467	0.117994	0.137339	-0.000337	0.000630
0.030533	0.105742	0.265343	0.000630	-0.000015
0.030600	0.096391	0.265343	0.000952	-0.000015
0.030667	0.084139	0.261797	-0.000337	0.000308
0.030733	0.074144	0.202470	-0.000015	-0.000337
0.030800	0.061246	0.235035	0.000630	0.000308
0.030867	0.051251	0.010948	0.000308	0.000630
0.030933	0.038676	0.086396	0.000308	0.000630
0.031000	0.029004	0.111868	-0.000015	0.001275
0.031067	0.016107	-0.013557	0.000308	0.000308
0.031133	0.007079	0.142176	0.000308	0.000630
0.031200	-0.005174	0.018041	0.000630	0.000308
0.031267	-0.016136	0.082204	-0.000015	0.000952
0.031333	-0.026454	0.055443	-0.000015	0.000308
0.031400	-0.038706	0.102840	0.000308	0.000308
0.031467	-0.049991	0.083494	-0.000660	-0.000015
0.031533	-0.059664	0.092522	-0.000337	-0.000015
0.031600	-0.071271	-0.103514	0.000630	0.001275
0.031667	-0.084491	0.062214	-0.000015	0.000308
0.031733	-0.094809	-0.130276	-0.000337	0.000308
0.031800	-0.104804	-0.134145	-0.000660	0.000630
0.031867	-0.116411	-0.148332	0.000308	0.000308
0.031933	-0.128341	-0.152846	-0.000015	-0.000337
0.032000	-0.141238	0.002887	0.000308	0.000630
0.032067	-0.149299	-0.176383	-0.000015	-0.000015
0.032133	-0.162196	-0.018393	0.000952	-0.000015
0.032200	-0.173159	-0.034837	-0.000015	0.000952
0.032267	-0.183799	-0.056762	0.000308	0.000308
0.032333	-0.196051	-0.072239	-0.000015	0.000308
0.032400	-0.206691	-0.203144	0.000308	0.000308
0.032467	-0.217976	-0.217976	-0.000337	0.000308
0.032533	-0.228616	-0.167677	0.000952	-0.000337
0.032600	-0.241836	-0.121570	-0.000015	0.000308
0.032667	-0.251831	-0.207014	-0.000015	0.000308
0.032733	-0.262794	-0.165098	-0.000337	0.000630
0.032800	-0.274723	-0.258924	-0.000015	-0.000015
0.032867	-0.285686	-0.217009	-0.000337	0.000308
0.032933	-0.296326	-0.182832	0.000952	0.000308
0.033000	-0.308578	-0.245383	-0.000015	0.000630
0.033067	-0.319541	-0.299550	-0.000015	-0.000015
0.033133	-0.329859	-0.207658	-0.000015	0.000308
0.033200	-0.341466	-0.319218	-0.000015	-0.000015
0.033267	-0.353396	-0.334373	-0.000015	-0.000015
0.033333	-0.364036	-0.297616	0.000308	0.000952
0.033400	-0.374999	-0.362424	0.000308	0.000952
0.033467	-0.385316	-0.348882	0.000308	0.000308
0.033533	-0.396924	-0.360489	0.000308	0.000630
0.033600	-0.406274	-0.406274	-0.000337	-0.000337
0.033667	-0.419494	-0.241191	-0.000015	-0.000015
0.033733	-0.431746	-0.286976	0.000630	0.000630
0.033800	-0.441419	-0.272144	0.000308	-0.000337
0.033867	-0.452381	-0.455605	-0.000015	0.000952
0.033933	-0.463989	-0.417237	-0.000015	-0.000015
0.034000	-0.474629	-0.326957	0.000308	0.000308
0.034067	-0.486881	-0.317929	0.000308	-0.000015
0.034133	-0.497199	-0.293102	0.000630	-0.000015
0.034200	-0.508806	-0.463344	-0.000015	0.001275
0.034267	-0.519769	-0.527184	-0.000015	-0.000337
0.034333	-0.529119	-0.348237	0.000308	0.000308
0.034400	-0.541371	-0.519769	-0.000337	-0.000015
0.034467	-0.553301	-0.551366	-0.000015	0.000630
0.034533	-0.562007	-0.366938	-0.000015	0.000308
0.034600	-0.574259	-0.392732	-0.000015	0.000952
0.034667	-0.586189	-0.603600	-0.000015	0.000308
0.034733	-0.595862	-0.410788	-0.000337	0.000630
0.034800	-0.608114	-0.592960	-0.000015	-0.000015
0.034867	-0.619399	-0.641969	-0.000660	-0.000015
0.034933	-0.630039	-0.609403	0.000630	0.000630
0.035000	-0.639712	-0.453026	-0.000337	0.000308
0.035067	-0.651319	-0.542661	0.000308	0.000952
0.035133	-0.663249	-0.469792	0.000308	-0.000015
0.035200	-0.674211	-0.678403	-0.000337	0.000308
0.035267	-0.685496	-0.511385	0.000308	0.000630
0.035333	-0.695169	-0.565231	-0.000015	-0.000337
0.035400	-0.707099	-0.673567	-0.000337	0.000308
0.035467	-0.717739	-0.526540	-0.000015	0.000308
0.035533	-0.728702	-0.624880	-0.000015	-0.000337
0.035600	-0.743533	-0.702585	-0.000337	0.000630
0.035667	-0.753206	-0.742244	-0.000337	-0.000337
0.035733	-0.762234	-0.685174	0.000308	0.000308
0.035800	-0.772552	-0.701295	-0.000015	-0.000015
0.035867	-0.785127	-0.747725	-0.000660	-0.000015
0.035933	-0.795767	-0.790608	0.000308	0.000630
0.036000	-0.807052	-0.760944	-0.000015	0.000308
0.036067	-0.819626	-0.623913	-0.000337	-0.000337
0.036133	-0.830911	-0.642936	-0.000015	0.000630
0.036200	-0.842841	-0.821238	0.000308	0.001275
0.036267	-0.854126	-0.783192	-0.000337	0.000308
0.036333	-0.862832	-0.820916	0.000630	-0.000015
0.036400	-0.874117	-0.843164	0.000308	-0.000015
0.036467	-0.885724	-0.902490	-0.000337	0.000952
0.036533	-0.898621	-0.716449	0.000630	0.000308
0.036600	-0.907971	-0.898621	-0.000015	0.000308
0.036667	-0.921513	-0.723220	-0.000015	0.001275
0.036733	-0.931186	-0.786739	0.000308	0.000630
0.036800	-0.940537	-0.748692	-0.000660	0.000308
0.036867	-0.953434	-0.899266	0.000308	-0.000337
0.036933	-0.964074	-0.892817	0.000308	0.000308
0.037000	-0.976971	-0.875729	-0.000015	0.000308
0.037067	-0.986966	-0.791253	-0.000337	0.000308
0.037133	-0.996639	-0.923448	0.000630	0.000308
0.037200	-1.009214	-0.898621	0.000308	0.000952
0.037267	-1.020821	-0.856705	-0.000660	0.000630
0.037333	-1.031461	-0.991158	0.000630	0.000952
0.037400	-1.042746	-0.806407	-0.000015	0.000308
0.037467	-1.052419	-1.019854	-0.000015	0.000630
0.037533	-1.063382	-0.867990	0.000952	-0.000015
0.037600	-1.076601	-1.010503	0.000308	0.000308
0.037667	-1.086596	-0.924738	-0.000015	-0.000337
0.037733	-1.097559	-0.985999	0.000630	-0.000015
0.037800	-1.107232	-1.059835	0.000308	0.000630
0.037867	-1.120451	-1.143021	-0.000015	-0.000337
0.037933	-1.131091	-0.973424	0.000630	-0.000015
0.038000	-1.142054	-0.995672	-0.000015	-0.000337
0.038067	-1.152372	-1.158820	0.000308	-0.000015
0.038133	-1.162367	-1.095947	0.000308	0.000308
0.038200	-1.174941	-1.207507	0.000630	0.000630
0.038267	-1.186549	-1.118517	-0.000015	0.000308
0.038333	-1.196544	-1.209119	-0.000015	0.000308
0.038400	-1.208474	-1.141087	0.000630	0.000308
0.038467	-1.220404	-1.225240	-0.000337	0.000308
0.038533	-1.229754	-1.198479	0.000308	0.000630
0.038600	-1.241039	-1.230077	-0.000015	0.000952
0.038667	-1.252969	-1.103040	-0.000015	0.000308
0.038733	-1.262964	-1.034363	0.001275	0.000630
0.038800	-1.274249	-1.128512	-0.000015	0.000308
0.038867	-1.285856	-1.170427	0.000308	0.000308
0.038933	-1.296174	-1.159465	0.000308	-0.000015
0.039000	-1.307782	-1.060157	0.000308	0.000630
0.039067	-1.317454	-1.077568	0.000308	-0.000015
0.039133	-1.329384	-1.081437	0.000308	0.000630
0.039200	-1.341636	-1.043391	0.000308	0.000308
0.039267	-1.351954	-1.140442	0.000952	0.000308
0.039333	-1.360982	-1.208474	0.000630	0.000630
0.039400	-1.372589	-1.175264	-0.000015	0.000630
0.039467	-1.385487	-1.141409	-0.000015	-0.000015
0.039533	-1.396772	-1.181390	0.000630	0.000308
0.039600	-1.407412	-1.334543	0.000630	0.000308
0.039667	-1.417729	-1.338412	0.000308	0.000630
0.039733	-1.427402	-1.305525	0.000952	-0.000337
0.039800	-1.440299	-1.397739	0.000308	0.000952
0.039867	-1.451262	-1.423211	0.000630	0.000952
0.039933	-1.462224	-1.242651	0.000630	0.000952
0.040000	-1.473187	-1.260062	0.000952	0.000630
0.040067	-1.482860	-1.289403	0.000308	0.000952
0.040133	-1.492210	-1.415150	0.000308	0.001275
0.040200	-1.504462	-1.370655	0.000630	0.000630
0.040267	-1.515425	-1.271992	-0.000015	-0.000015
0.040333	-1.527677	-1.487374	0.000952	0.001275
0.040400	-1.540574	-1.509299	0.000630	0.000630
0.040467	-1.551537	-1.496724	0.000308	-0.000337
0.040533	-1.560887	-1.554116	-0.000337	-0.000015
0.040600	-1.571850	-1.477701	-0.000015	0.000630
0.040667	-1.584424	-1.378071	0.000630	-0.000015
0.040733	-1.593130	-1.511556	0.000308	0.001275
0.040800	-1.605382	-1.345828	0.000630	0.000952
0.040867	-1.615700	-1.371945	0.000308	0.000952
0.040933	-1.627952	-1.556695	0.000952	0.000630
0.041000	-1.636980	-1.675671	0.000630	0.000308
0.041067	-1.649232	-1.372267	0.000630	0.000952
0.041133	-1.661484	-1.454486	0.000952	0.000630
0.041200	-1.671157	-1.350342	0.000308	0.000952
0.041267	-1.682442	-1.371622	-0.000015	0.000952
0.041333	-1.695017	-1.457388	-0.000015	0.000952
0.041400	-1.706947	-1.486084	-0.000015	0.000630
0.041467	-1.716619	-1.669545	0.000630	0.000952
0.041533	-1.726937	-1.487374	0.000308	0.000952
0.041600	-1.739512	-1.478023	0.000630	0.000952
0.041667	-1.750474	-1.635368	-0.000337	0.000952
0.041733	-1.759825	-1.555083	0.000308	0.000952
0.041800	-1.771755	-1.585714	-0.000015	0.000630
0.041867	-1.782072	-1.699853	-0.000015	0.000308
0.041933	-1.794324	-1.574107	0.000630	0.000308
0.042000	-1.803675	-1.577976	0.000952	0.000630
0.042067	-1.816572	-1.655036	-0.000015	0.000952
0.042133	-1.826245	-1.621181	0.000630	0.000952
0.042200	-1.837207	-1.616667	0.000630	0.000952
0.042267	-1.849460	-1.759180	0.000630	0.000952
0.042333	-1.859777	-1.567658	-0.000337	0.000308
0.042400	-1.872674	-1.728872	0.000630	0.000630
0.042467	-1.882670	-1.705335	0.000630	0.000308
0.042533	-1.893632	-1.733063	0.000630	0.000630
0.042600	-1.904272	-1.656003	0.000952	0.000630
0.042667	-1.916202	-1.615377	0.000952	0.000952
0.042733	-1.926197	-1.702110	-0.000015	0.000308
0.042800	-1.938449	-1.837530	0.000308	0.000308
0.042867	-1.948445	-1.760792	0.000308	0.001597
0.042933	-1.959407	-1.786264	0.000630	0.000630
0.043000	-1.970692	-1.748217	0.000308	0.000952
0.043067	-1.981655	-1.748862	0.000630	0.000630
0.043133	-1.992295	-1.908786	0.000630	0.000308
0.043200	-2.003902	-1.874286	-0.000015	0.000952
0.043267	-2.016154	-1.916847	-0.000015	-0.000015
0.043333	-2.026150	-1.877511	0.000308	0.000308
0.043400	-2.038079	-2.039369	0.000308	0.000952
0.043467	-2.047752	-2.147382	0.000308	0.000952
0.043533	-2.059037	-2.160924	0.000630	0.000952
0.043600	-2.071612	-2.168663	0.000952	0.000952
0.043667	-2.081285	-2.221218	0.000308	0.000952
0.043733	-2.091280	-2.299246	-0.000015	0.000952
0.043800	-2.103532	-2.325040	0.000308	0.000308
0.043867	-2.114817	-2.286348	0.000952	0.000952
0.043933	-2.125457	-2.267325	0.000630	0.000630
0.044000	-2.135453	-2.301503	0.000630	0.000952
0.044067	-2.146093	-2.286993	0.000308	0.000308
0.044133	-2.158022	-2.281512	-0.000015	0.000630
0.044200	-2.168985	-2.268293	0.000630	0.001275
0.044267	-2.180270	-2.246045	0.000630	0.001275
0.044333	-2.190910	-2.263134	0.000308	-0.000015
0.044400	-2.201550	-2.191877	0.000308	-0.000015
0.044467	-2.212513	-2.279900	0.000630	0.000630
0.044533	-2.222830	-2.313755	0.000630	0.000308
0.044600	-2.235727	-2.317301	0.000308	0.000630
0.044667	-2.246367	-2.350189	0.000630	0.000952
0.044733	-2.256040	-2.269905	0.000630	0.000630
0.044800	-2.267648	-2.200905	0.000630	0.000308
0.044867	-2.278288	-2.254106	0.000630	0.000952
0.044933	-2.290540	-2.227022	0.000630	-0.000015
0.045000	-2.299890	-2.230246	0.000630	0.000308
0.045067	-2.312465	-2.184784	0.000630	0.000630
0.045133	-2.323428	-2.196069	-0.000337	0.001275
0.045200	-2.332133	-2.276998	0.001275	0.000630
0.045267	-2.344385	-2.306017	0.000308	0.000630
0.045333	-2.355348	-2.311498	0.000308	-0.000015
0.045400	-2.366310	-2.246045	0.000308	0.000308
0.045467	-2.378885	-2.287316	-0.000337	0.000308
0.045533	-2.388235	-2.297311	-0.000015	-0.000015
0.045600	-2.399520	-2.246367	0.000630	0.001275
0.045667	-2.410161	-2.299890	0.000630	0.000630
0.045733	-2.421445	-2.272807	0.000308	-0.000337
0.045800	-2.432086	-2.305049	0.000630	0.000952
0.045867	-2.443693	-2.313110	-0.000015	0.000308
0.045933	-2.452399	-2.302147	-0.000337	0.000308
0.046000	-2.464006	-2.305049	0.000952	0.000630
0.046067	-2.475936	-2.299890	0.000630	0.000952
0.046133	-2.489155	-2.277643	-0.000337	0.000952
0.046200	-2.497861	-2.363086	-0.000015	0.000630
0.046267	-2.509146	-2.307306	0.000630	0.000630
0.046333	-2.520431	-2.286348	0.000308	-0.000015
0.046400	-2.530426	-2.350189	0.000630	0.000308
0.046467	-2.540099	-2.230891	0.000630	0.000630
0.046533	-2.552673	-2.304082	0.000952	-0.000015
0.046600	-2.563313	-2.289573	0.000308	0.000308
0.046667	-2.574598	-2.305372	0.000630	0.000630
0.046733	-2.586206	-2.273451	-0.000015	0.000952
0.046800	-2.596523	-2.244433	0.001275	-0.000015
0.046867	-2.606841	-2.230891	0.000630	0.000630
0.046933	-2.618771	-2.230569	0.000308	-0.000015
0.047000	-2.630378	-2.235727	0.000308	0.000308
0.047067	-2.639406	-2.350511	-0.000015	-0.000015
0.047133	-2.651014	-2.424347	0.000630	0.000952
0.047200	-2.662621	-2.404357	0.000630	-0.000015
0.047267	-2.671327	-2.419189	-0.000015	0.000952
0.047333	-2.684869	-2.403712	-0.000337	-0.000015
0.047400	-2.694219	-2.355993	-0.000015	0.000952
0.047467	-2.705826	-2.381142	0.000308	0.000630
0.047533	-2.715822	-2.355348	-0.000660	0.000308
0.047600	-2.727429	-2.264423	0.000630	0.000630
0.047667	-2.738391	-2.255718	0.000308	0.000308
0.047733	-2.749676	-2.304082	-0.000015	-0.000015
0.047800	-2.760317	-2.300213	0.000308	-0.000015
0.047867	-2.770634	-2.279578	0.000308	0.000308
0.047933	-2.781919	-2.281512	0.000952	-0.000015
0.048000	-2.791914	-2.214125	-0.000015	0.000308
0.048067	-2.802232	-2.186396	0.000308	0.000308
0.048133	-2.818353	-2.315367	0.000630	0.000630
0.048200	-2.825769	-2.276998	-0.000015	0.000308
0.048267	-2.835442	-2.405969	-0.000337	0.000308
0.048333	-2.846082	-2.396619	-0.000337	-0.000337
0.048400	-2.857367	-2.503664	0.000630	0.000308
0.048467	-2.868330	-2.483996	-0.000015	0.000952
0.048533	-2.878325	-2.577823	-0.000015	0.000308
0.048600	-2.890900	-2.668425	0.000630	0.000308
0.048667	-2.900250	-2.740648	-0.000015	0.000308
0.048733	-2.908633	-2.736779	-0.000015	0.000630
0.048800	-2.823835	-2.707116	0.000630	0.000630
0.048867	-2.812227	-2.912502	-0.000015	-0.000015
0.048933	-2.800297	-2.867040	-0.000015	-0.000337
0.049000	-2.788045	-2.745485	0.000630	-0.000337
0.049067	-2.777083	-2.900895	0.000630	-0.000015
0.049133	-2.764186	-2.899283	-0.000337	-0.000660
0.049200	-2.753546	-2.907343	-0.000015	-0.000015
0.049267	-2.742261	-2.934105	0.000952	0.000630
0.049333	-2.730976	-2.927334	-0.000015	0.000308
0.049400	-2.719691	-2.788045	0.000308	0.000308
0.049467	-2.707761	-2.699700	-0.000015	0.000952
0.049533	-2.696153	-2.653916	-0.000337	0.000308
0.049600	-2.685191	-2.609098	0.000308	-0.000015
0.049667	-2.674873	-2.616192	-0.000660	-0.000015
0.049733	-2.662299	-2.683579	-0.000015	-0.000337
0.049800	-2.651981	-2.631346	-0.000337	0.000308
0.049867	-2.640374	-2.734845	-0.000015	0.000308
0.049933	-2.628121	-2.605229	0.000308	0.000630
0.050000	-2.616192	-2.670359	-0.000015	0.000308
0.050067	-2.606519	-2.577500	-0.000015	-0.000015
0.050133	-2.594589	-2.539454	-0.000337	-0.000337
0.050200	-2.583304	-2.663588	0.000308	0.000308
0.050267	-2.572341	-2.637149	0.000308	-0.000015
0.050333	-2.561056	-2.777728	-0.000015	0.000308
0.050400	-2.549127	-2.966992	-0.000015	-0.000015
0.050467	-2.539776	-2.993109	-0.000015	0.000308
0.050533	-2.527846	-3.023417	0.000630	0.000308
0.050600	-2.515917	-3.017613	0.000630	-0.000015
0.050667	-2.505599	-2.890255	0.000308	0.000308
0.050733	-2.494314	-2.858334	-0.000660	0.000308
0.050800	-2.482707	-2.825124	-0.000015	0.000630
0.050867	-2.470777	-2.736134	0.000630	0.000308
0.050933	-2.461426	-2.834152	-0.000015	-0.000015
0.051000	-2.449497	-2.808358	0.000308	-0.000015
0.051067	-2.439179	-2.795784	-0.000337	0.000630
0.051133	-2.427572	-2.789657	-0.000015	-0.000015
0.051200	-2.416287	-2.823190	-0.000015	0.000630
0.051267	-2.405647	-2.757092	-0.000337	-0.000015
0.051333	-2.394039	-2.799330	-0.000015	0.000308
0.051400	-2.383399	-2.797396	-0.000015	-0.000337
0.051467	-2.371147	-2.789013	-0.000015	0.000630
0.051533	-2.361152	-2.779985	-0.000337	-0.000015
0.051600	-2.350189	-2.685836	-0.000337	-0.000015
0.051667	-2.338259	-2.684224	-0.000337	0.000630
0.051733	-2.327297	-2.674228	-0.000015	0.000308
0.051800	-2.315689	-2.603617	-0.000015	0.000308
0.051867	-2.305694	-2.603939	-0.000015	0.000308
0.051933	-2.294732	-2.600393	-0.000015	0.000308
0.052000	-2.284736	-2.652626	0.000630	0.000308
0.052067	-2.271839	-2.555898	-0.000660	-0.000337
0.052133	-2.260877	-2.556220	0.000308	0.000308
0.052200	-2.250881	-2.549127	0.000630	0.000308
0.052267	-2.239919	-2.473034	0.000308	-0.000015
0.052333	-2.228956	-2.424992	0.000308	-0.000337
0.052400	-2.218316	-2.391460	-0.000015	-0.000015
0.052467	-2.206387	-2.526879	0.000308	0.000630
0.052533	-2.196069	-2.327297	-0.000660	-0.000015
0.052600	-2.184139	-2.330843	-0.000015	0.000630
0.052667	-2.173499	-2.391782	-0.000015	-0.000015
0.052733	-2.162536	-2.316334	-0.000015	-0.000337
0.052800	-2.152864	-2.262811	-0.000015	-0.000015
0.052867	-2.141579	-2.264746	0.000308	-0.000015
0.052933	-2.131261	-2.203485	0.000308	-0.000015
0.053000	-2.119654	-2.290218	-0.000015	-0.000015
0.053067	-2.109013	-2.268937	0.000308	-0.000015
0.053133	-2.097406	-2.237984	0.000308	-0.000015
0.053200	-2.086444	-2.160924	0.000308	0.000308
0.053267	-2.075481	-2.163181	-0.000337	0.000308
0.053333	-2.064841	-1.970047	0.000630	-0.000015
0.053400	-2.052911	-1.983912	0.000308	0.000308
0.053467	-2.043238	-1.941351	-0.000015	-0.000015
0.053533	-2.031309	-2.036145	-0.000015	-0.000015
0.053600	-2.021313	-1.978430	0.000952	0.000308
0.053667	-2.009383	-1.726937	0.000630	-0.000337
0.053733	-1.998743	-1.740157	0.000630	-0.000015
0.053800	-1.988748	-1.679218	0.000630	0.000308
0.053867	-1.977141	-1.683732	0.000630	0.000308
0.053933	-1.966178	-1.671802	-0.000337	-0.000015
0.054000	-1.954893	-1.557985	0.001275	0.000952
0.054067	-1.943608	-1.536705	-0.000015	0.000952
0.054133	-1.933291	-1.606027	0.000308	0.000308
0.054200	-1.921361	-1.529612	0.000630	0.000630
0.054267	-1.911688	-1.542186	0.000630	-0.000015
0.054333	-1.901370	-1.524775	0.000630	0.000308
0.054400	-1.890730	-1.492532	-0.000015	-0.000337
0.054467	-1.879445	-1.531869	-0.000337	0.000630
0.054533	-1.869450	-1.560887	0.000630	0.000308
0.054600	-1.855263	-1.692115	0.000952	0.000308
0.054667	-1.847525	-1.684699	-0.000015	0.000952
0.054733	-1.834305	-1.625050	0.000308	0.000630
0.054800	-1.823988	-1.597321	0.000630	0.000952
0.054867	-1.813993	-1.616345	-0.000015	-0.000015
0.054933	-1.802708	-1.652134	0.000952	-0.000015
0.055000	-1.791745	-1.715975	0.000952	-0.000015
0.055067	-1.780138	-1.617957	0.000308	0.000630
0.055133	-1.771110	-1.735643	0.000630	0.000308
0.055200	-1.758213	-1.727582	0.000308	0.000630
0.055267	-1.747895	-1.716942	-0.000015	-0.000015
0.055333	-1.737255	-1.797549	0.000952	0.000308
0.055400	-1.725970	-1.678573	0.000630	0.000308
0.055467	-1.715652	-1.688891	0.000630	0.000952
0.055533	-1.704045	-1.668255	-0.000015	0.000630
0.055600	-1.693727	-1.674704	0.001275	0.000308
0.055667	-1.683409	-1.736288	0.000308	0.000952
0.055733	-1.670835	-1.734353	-0.000015	0.000630
0.055800	-1.660840	-1.756278	-0.000015	0.000952
0.055867	-1.648587	-1.750474	0.000308	0.000308
0.055933	-1.639559	-1.695984	-0.000015	0.000952
0.056000	-1.627952	-1.661807	0.000952	0.000308
0.056067	-1.617312	-1.666321	0.000308	0.000630
0.056133	-1.606994	-1.692115	-0.000015	-0.000015
0.056200	-1.594420	-1.708559	0.000952	0.000630
0.056267	-1.584747	-1.697596	0.000308	0.000630
0.056333	-1.573784	-1.660517	0.000308	0.000308
0.056400	-1.561532	-1.731774	0.000952	0.000308
0.056467	-1.551214	-1.665998	0.000308	0.000308
0.056533	-1.540574	-1.702433	0.000952	0.000952
0.056600	-1.529612	-1.693727	0.000630	0.000630
0.056667	-1.518971	-1.796904	0.000630	0.000308
0.056733	-1.507687	-1.731774	0.000308	0.000952
0.056800	-1.496724	-1.827212	0.000952	0.000630
0.056867	-1.486406	-1.784652	0.000308	0.000630
0.056933	-1.474799	-1.766918	0.000952	0.000308
0.057000	-1.462547	-1.693405	0.000952	0.000952
0.057067	-1.455131	-1.675026	0.000308	0.001275
0.057133	-1.443201	-1.669867	0.000630	0.000630
0.057200	-1.433206	-1.507687	0.000308	0.000630
0.057267	-1.420631	-1.524453	-0.000015	0.000630
0.057333	-1.410958	-1.629564	0.000308	0.000630
0.057400	-1.399673	-1.625050	0.000308	0.000630
0.057467	-1.388388	-1.577653	0.000630	-0.000015
0.057533	-1.377103	-1.523485	0.000952	0.000952
0.057600	-1.367431	-1.411603	0.000308	0.000952
0.057667	-1.355178	-1.473832	0.000308	0.000952
0.057733	-1.346150	-1.420954	0.000630	0.000952
0.057800	-1.334543	-1.281665	0.000630	0.000630
0.057867	-1.323580	-1.379683	-0.000015	0.000630
0.057933	-1.312618	-1.367108	0.000308	0.000308
0.058000	-1.302300	-1.217179	0.000308	0.000308
0.058067	-1.291015	-1.301978	0.000630	0.000308
0.058133	-1.280698	-1.192997	0.000630	0.000308
0.058200	-1.269090	-1.175586	0.000308	-0.000015
0.058267	-1.258450	-1.210086	0.000952	0.000630
0.058333	-1.248132	-1.172684	0.000952	0.000308
0.058400	-1.236848	-1.156241	-0.000015	0.000630
0.058467	-1.226207	-1.213955	0.000952	0.000952
0.058533	-1.214600	-1.211376	0.001275	0.000308
0.058600	-1.204927	-1.172684	0.000630	0.000952
0.058667	-1.194287	-1.230399	0.000952	0.000630
0.058733	-1.182680	-1.180100	0.000630	0.000952
0.058800	-1.173652	-1.192030	0.000630	0.000630
0.058867	-1.162367	-1.323580	-0.000015	0.000630
0.058933	-1.150437	-1.389033	0.000952	0.000952
0.059000	-1.140442	-1.207829	-0.000015	0.000952
0.059067	-1.128834	-1.229109	-0.000015	0.000630
0.059133	-1.118839	-1.181068	0.000308	0.001275
0.059200	-1.106909	-1.279408	-0.000337	0.000308
0.059267	-1.096914	-1.247165	0.000308	0.000952
0.059333	-1.086274	-1.241684	0.000630	0.000630
0.059400	-1.075634	-1.163656	0.000952	0.000630
0.059467	-1.063704	-1.078536	0.001275	0.001275
0.059533	-1.053709	-1.145601	0.000630	-0.000015
0.059600	-1.044036	-1.121418	0.000630	0.000952
0.059667	-1.031784	-1.109166	0.000630	0.000952
0.059733	-1.021466	-1.145601	-0.000015	0.001275
0.059800	-1.011793	-1.207829	0.000308	0.000630
0.059867	-0.999863	-1.181390	-0.000015	0.001275
0.059933	-0.989223	-1.195899	0.000630	0.001275
0.060000	-0.978261	-0.960850	0.000308	0.000630
0.060067	-0.968910	-1.131414	-0.000015	0.001275
0.060133	-0.956336	-0.909906	-0.000015	0.000308
0.060200	-0.945695	-1.006957	-0.000015	0.000630
0.060267	-0.936990	-0.890238	0.000630	0.000952
0.060333	-0.924093	-0.906037	-0.000015	0.001275
0.060400	-0.912808	-1.035008	0.000308	-0.000015
0.060467	-0.902490	-0.988578	0.000630	0.001275
0.060533	-0.892817	-0.845743	0.000308	0.000308
0.060600	-0.880888	-0.825430	0.000308	0.000308
0.060667	-0.870892	-0.843164	-0.000015	0.000630
0.060733	-0.858640	-0.956658	0.000952	0.000308
0.060800	-0.849934	-0.933121	0.000308	0.000952
0.060867	-0.837360	-0.804795	0.000952	0.000308
0.060933	-0.825752	-0.817692	-0.000015	0.000952
0.061000	-0.815757	-0.928284	0.000630	0.000630
0.061067	-0.804795	-0.891850	0.000952	-0.000015
0.061133	-0.794477	-0.755463	0.000308	0.000952
0.061200	-0.783192	-0.760944	0.000952	0.000952
0.061267	-0.772552	-0.849290	0.000630	0.000952
0.061333	-0.760944	-0.806084	0.000630	0.000630
0.061400	-0.751272	-0.821238	0.000308	0.000952
0.061467	-0.739664	-0.769650	0.000952	-0.000015
0.061533	-0.728702	-0.783514	-0.000015	0.000308
0.061600	-0.718384	-0.713548	0.000308	-0.000015
0.061667	-0.708711	-0.690978	0.000630	0.000952
0.061733	-0.696781	-0.688721	-0.000337	0.000630
0.061800	-0.685819	-0.671310	0.000308	0.000308
0.061867	-0.674856	-0.705164	0.000308	0.000630
0.061933	-0.663894	-0.667118	0.000308	0.000952
0.062000	-0.652931	-0.626815	-0.000015	0.000630
0.062067	-0.643258	-0.634553	0.000308	0.000630
0.062133	-0.631651	-0.611660	-0.000015	0.000630
0.062200	-0.621978	-0.629394	-0.000015	-0.000015
0.062267	-0.610693	-0.633908	0.000308	0.000308
0.062333	-0.598441	-0.599086	-0.000015	0.000630
0.062400	-0.588768	-0.591025	0.000308	0.000630
0.062467	-0.577806	-0.591992	0.000630	0.000630
0.062533	-0.568455	-0.586834	-0.000015	0.000308
0.062600	-0.556203	-0.560717	0.000308	-0.000015
0.062667	-0.546530	-0.579740	0.000308	-0.000015
0.062733	-0.535245	-0.576516	0.000630	0.000308
0.062800	-0.524927	-0.575226	0.000308	0.000630
0.062867	-0.513965	-0.559427	0.000308	0.000630
0.062933	-0.501068	-0.553301	-0.000015	-0.000015
0.063000	-0.492362	-0.531376	0.000630	0.000308
0.063067	-0.480432	-0.529441	-0.000015	0.000308
0.063133	-0.469792	-0.504614	-0.000015	0.000630
0.063200	-0.458507	-0.491717	-0.000015	0.000308
0.063267	-0.448512	-0.466568	0.001275	0.000630
0.063333	-0.437227	-0.459475	-0.000015	-0.000015
0.063400	-0.426587	-0.436905	-0.000015	0.000630
0.063467	-0.414980	-0.470437	-0.000015	0.000630
0.063533	-0.405629	-0.470760	0.000308	0.000630
0.063600	-0.395311	-0.449479	-0.000660	0.000308
0.063667	-0.383059	-0.404017	-0.000337	0.000308
0.063733	-0.373386	-0.432068	0.000630	0.000630
0.063800	-0.362101	-0.401760	0.000952	-0.000015
0.063867	-0.350816	-0.396279	-0.000015	0.000308
0.063933	-0.341788	-0.361457	0.000308	0.000630
0.064000	-0.328891	-0.391442	-0.000015	0.000308
0.064067	-0.317929	-0.370485	0.000308	0.000308
0.064133	-0.307934	-0.334373	0.000308	0.000308
0.064200	-0.296971	-0.371129	0.000630	0.000308
0.064267	-0.286008	-0.365003	0.001275	0.000308
0.064333	-0.275368	-0.319218	-0.000015	-0.000015
0.064400	-0.264406	-0.311803	0.001275	0.000308
0.064467	-0.253443	-0.347270	0.000308	0.000308
0.064533	-0.243126	-0.339854	0.000308	-0.000015
0.064600	-0.231518	-0.276013	-0.000337	-0.000015
0.064667	-0.221845	-0.255378	0.000630	0.000630
0.064733	-0.210238	-0.328891	-0.000015	0.000630
0.064800	-0.200243	-0.327602	-0.000015	0.000630
0.064867	-0.189602	-0.264728	0.000630	0.000630
0.064933	-0.178318	-0.268597	0.000308	0.000952
0.065000	-0.168000	-0.184121	0.000308	0.000308
0.065067	-0.157360	-0.177995	-0.000015	0.000630
0.065133	-0.146397	-0.212817	-0.000015	0.000308
0.065200	-0.135112	-0.143818	-0.000015	0.000308
0.065267	-0.123827	-0.152201	-0.000337	0.000308
0.065333	-0.113832	-0.121893	0.000308	0.000630
0.065400	-0.102547	-0.164776	-0.000015	-0.000660
0.065467	-0.091584	-0.227327	0.000952	0.000308
0.065533	-0.080944	-0.149299	-0.000015	0.000952
0.065600	-0.069659	-0.217976	-0.000015	0.000630
0.065667	-0.059342	-0.164131	0.000308	0.000630
0.065733	-0.048701	-0.195084	-0.000015	0.000630
0.065800	-0.038706	-0.198308	-0.000015	0.001275
0.065867	-0.027099	-0.167355	0.000308	0.000630
0.065933	-0.016781	-0.142528	0.000308	0.000630
0.066000	-0.005496	-0.144785	-0.000015	0.000308
0.066067	0.004822	-0.147687	0.000630	0.000630
0.066133	0.015784	-0.128341	-0.000015	-0.000015
0.066200	0.026747	-0.086426	-0.000015	0.000630
0.066267	0.038354	-0.006463	-0.000015	0.000308
0.066333	0.047382	0.064148	-0.000015	-0.000015
0.066400	0.059634	-0.060309	0.000308	0.000952
0.066467	0.070274	0.063826	0.000630	0.000630
0.066533	0.079625	-0.057729	-0.000660	0.000952
0.066600	0.091555	0.044158	-0.000015	0.000630
0.066667	0.102840	0.119284	-0.000015	0.000630
0.066733	0.112513	0.121541	-0.000015	0.000308
0.066800	0.125087	0.141853	-0.000015	0.000308
0.066867	0.134438	0.086073	-0.000337	0.000630
0.066933	0.146045	0.150237	0.000308	0.000308
0.067000	0.157330	0.164101	0.000952	0.000308
0.067067	0.167003	0.184736	-0.000337	0.000308
0.067133	0.179255	0.086396	-0.000015	0.000308
0.067200	0.188928	0.191185	0.000308	0.000308
0.067267	0.199568	0.103162	0.000308	-0.000015
0.067333	0.209563	0.195699	0.000308	0.000630
0.067400	0.220848	0.157008	0.000630	0.000630
0.067467	0.233101	0.145723	0.000630	0.000308
0.067533	0.243418	0.230844	0.000630	0.000308
0.067600	0.253736	0.156363	-0.000015	0.000952
0.067667	0.265343	0.229231	-0.000015	0.000630
0.067733	0.275984	0.155718	-0.000015	0.000952
0.067800	0.286946	0.213110	-0.000015	-0.000015
0.067867	0.297909	0.264054	0.000630	0.000308
0.067933	0.307904	0.276951	-0.000015	-0.000015
0.068000	0.319189	0.233745	0.000308	-0.000337
0.068067	0.330152	0.201503	-0.000015	0.000630
0.068133	0.341436	0.205694	-0.000015	-0.000015
0.068200	0.351432	0.249544	0.000308	-0.000337
0.068267	0.360782	0.313385	-0.000015	-0.000015
0.068333	0.373679	0.302423	0.000630	0.000308
0.068400	0.384642	0.288558	-0.000015	-0.000337
0.068467	0.394637	0.364974	-0.000660	0.000952
0.068533	0.404955	0.252124	0.000308	0.000308
0.068600	0.416240	0.338212	0.000308	0.000308
0.068667	0.427202	0.327895	-0.000337	-0.000015
0.068733	0.436875	0.408179	-0.000015	0.000308
0.068800	0.448805	0.285979	-0.000015	0.000308
0.068867	0.457511	0.368520	0.000308	-0.000337
0.068933	0.468796	0.286301	0.000630	-0.000015
0.069000	0.480403	0.239549	-0.000015	0.000952
0.069067	0.489753	0.311128	-0.000015	-0.000015
0.069133	0.500716	0.356268	0.000308	-0.000015
0.069200	0.512646	0.470730	0.000952	-0.000660
0.069267	0.523286	0.273727	-0.000337	0.000952
0.069333	0.533926	0.340147	0.000630	0.000308
0.069400	0.544889	0.331119	0.000308	0.000630
0.069467	0.555206	0.499104	0.000308	-0.000015
0.069533	0.563912	0.422688	-0.000337	0.000308
0.069600	0.576809	0.361749	0.000308	-0.000015
0.069667	0.586804	0.413338	-0.000337	-0.000015
0.069733	0.597122	0.489753	-0.000015	-0.000015
0.069800	0.607762	0.592931	-0.000015	-0.000015
0.069867	0.618725	0.435263	0.000308	0.000308
0.069933	0.630332	0.540375	0.000630	0.000630
0.070000	0.641295	0.482660	0.000308	-0.000015
0.070067	0.651613	0.661930	0.000630	0.000630
0.070133	0.662253	0.572618	0.000308	0.000308
0.070200	0.673860	0.663865	0.000952	0.000952
0.070267	0.683533	0.532959	-0.000337	0.000630
0.070333	0.694173	0.622916	-0.000015	0.000308
0.070400	0.703524	0.548758	0.000952	0.000630
0.070467	0.717710	0.721257	0.000308	0.000308
0.070533	0.727383	0.599379	0.000308	0.000630
0.070600	0.737701	0.707070	-0.000015	0.000952
0.070667	0.748663	0.599379	0.000630	-0.000015
0.070733	0.758659	0.586804	-0.000015	-0.000015
0.070800	0.768976	0.661285	0.000630	0.000308
0.070867	0.779617	0.813149	-0.000015	-0.000337
0.070933	0.790257	0.658706	-0.000015	0.000630
0.071000	0.800252	0.811859	-0.000337	-0.000337
0.071067	0.813794	0.640328	0.000952	0.000630
0.071133	0.822822	0.831528	0.000630	0.000308
0.071200	0.833785	0.676762	-0.000015	0.000308
0.071267	0.843780	0.647743	0.000952	0.000308
0.071333	0.855065	0.783486	-0.000015	0.001275
0.071400	0.866350	0.723514	0.000952	-0.000015
0.071467	0.878925	0.647421	-0.000015	0.001275
0.071533	0.887308	0.865383	-0.000015	-0.000015
0.071600	0.898270	0.810247	-0.000015	-0.000015
0.071667	0.910845	0.849584	0.000308	0.000308
0.071733	0.920518	0.865383	0.000308	0.000630
0.071800	0.931158	0.773490	0.000630	-0.000660
0.071867	0.942443	0.809280	-0.000015	0.000952
0.071933	0.954050	0.837331	-0.000015	-0.000337
0.072000	0.963723	0.880859	0.000630	0.000308
0.072067	0.973396	0.750276	0.000308	-0.000337
0.072133	0.984359	0.933737	-0.000015	-0.000015
0.072200	0.994999	0.963078	0.000952	0.000308
0.072267	1.005639	1.035947	0.000308	0.000308
0.072333	1.016279	0.938896	0.000308	-0.000015
0.072400	1.027887	1.011120	0.000308	0.000952
0.072467	1.040139	0.878602	0.000952	0.000952
0.072533	1.050779	1.024662	0.000308	-0.000015
0.072600	1.061097	0.884728	0.000630	0.000630
0.072667	1.072382	0.935672	0.001275	-0.000015
0.072733	1.082377	1.067868	0.000630	0.000630
0.072800	1.093340	1.057550	0.000630	0.000630
0.072867	1.103980	0.975331	0.000630	0.000308
0.072933	1.114942	1.068190	0.000630	0.000630
0.073000	1.125260	1.024340	0.000630	0.000630
0.073067	1.137512	1.051424	0.000630	0.000308
0.073133	1.147508	1.054003	-0.000337	0.000630
0.073200	1.158148	1.126227	0.000952	0.000952
0.073267	1.168788	1.046588	-0.000015	0.000952
0.073333	1.179751	1.130097	-0.000015	0.000952
0.073400	1.190068	1.158793	0.000308	0.000308
0.073467	1.201998	1.092695	0.000630	0.001275
0.073533	1.212961	1.194905	0.000308	0.000952
0.073600	1.223278	1.209092	0.000952	0.000630
0.073667	1.234241	1.208769	-0.000015	0.000630
0.073733	1.243914	1.237143	0.000308	0.000630
0.073800	1.255199	1.144928	0.001275	0.000952
0.073867	1.264872	1.180073	0.000630	0.000308
0.073933	1.276802	1.150410	-0.000015	0.000630
0.074000	1.287119	1.272610	0.000630	0.000308
0.074067	1.298727	1.248750	0.000630	0.000952
0.074133	1.309045	1.267774	0.000308	0.000952
0.074200	1.320330	1.228115	0.000308	-0.000337
0.074267	1.330970	1.317750	0.000308	0.000630
0.074333	1.341287	1.185232	-0.000015	0.000952
0.074400	1.353540	1.269386	0.000630	0.000308
0.074467	1.362568	1.204578	0.000952	0.000952
0.074533	1.372563	1.336773	0.000952	0.000308
0.074600	1.385138	1.345157	-0.000015	0.000308
0.074667	1.394488	1.387717	0.000308	0.000952
0.074733	1.405773	1.322264	0.000952	0.000630
0.074800	1.415769	1.233919	-0.000015	0.001275
0.074867	1.428343	1.246493	0.000952	0.000630
0.074933	1.439628	1.147830	0.000308	0.001275
0.075000	1.450268	1.230694	-0.000015	0.000630
0.075067	1.459619	1.412544	0.000630	0.001275
0.075133	1.470259	1.436726	0.000630	0.000308
0.075200	1.482189	1.284540	-0.000015	0.000952
0.075267	1.491862	1.201998	0.000308	0.000952
0.075333	1.502502	1.318717	0.000308	0.000630
0.075400	1.513465	1.281961	0.000308	0.000952
0.075467	1.523782	1.333549	0.000952	0.000952
0.075533	1.535067	1.393199	0.000952	0.000952
0.075600	1.545063	1.369339	0.000630	-0.000015
0.075667	1.556025	1.328068	0.000952	0.000952
0.075733	1.567310	1.366759	0.000952	0.000630
0.075800	1.577628	1.387072	0.001597	0.000630
0.075867	1.587946	1.573759	0.000630	0.000630
0.075933	1.598263	1.570857	0.000630	0.000630
0.076000	1.608259	1.628572	-0.000015	0.000952
0.076067	1.620511	1.570857	-0.000337	0.000952
0.076133	1.631796	1.587946	0.000630	0.001275
0.076200	1.641791	1.461876	0.000308	0.000630
0.076267	1.651787	1.479610	0.001275	0.000308
0.076333	1.663072	1.463488	0.000308	0.000952
0.076400	1.675002	1.599553	-0.000337	0.000630
0.076467	1.683707	1.494441	0.001275	0.000630
0.076533	1.695960	1.508306	-0.000015	0.000952
0.076600	1.706277	1.503792	-0.000015	0.000952
0.076667	1.716917	1.542161	0.000630	0.000630
0.076733	1.728202	1.611161	-0.000015	0.000630
0.076800	1.738520	1.567310	0.000630	0.000952
0.076867	1.749160	1.614707	0.000952	0.000630
0.076933	1.760768	1.615997	-0.000015	0.000952
0.077000	1.771086	1.683707	-0.000015	0.000308
0.077067	1.781081	1.713048	0.000630	0.000308
0.077133	1.792688	1.613095	0.000952	0.000630
0.077200	1.803651	1.657590	-0.000015	0.000630
0.077267	1.814936	1.659525	0.000952	0.000308
0.077333	1.825254	1.797202	-0.000015	-0.000015
0.077400	1.836216	1.793656	0.000630	0.000630
0.077467	1.847501	1.811712	0.000630	0.000630
0.077533	1.856529	1.663717	-0.000015	-0.000337
0.077600	1.868137	1.696927	-0.000015	-0.000015
0.077667	1.880712	1.850403	0.000630	0.000308
0.077733	1.889095	1.877165	0.000630	0.001275
0.077800	1.899412	1.731749	-0.000015	0.000308
0.077867	1.910375	1.807520	0.000308	0.000952
0.077933	1.922305	1.704988	0.000952	0.001275
0.078000	1.933912	1.690478	0.000630	-0.000015
0.078067	1.943585	1.748838	0.000952	0.000630
0.078133	1.954548	1.746903	0.000630	0.000630
0.078200	1.964543	1.833637	0.000630	0.001275
0.078267	1.975183	1.785272	0.000952	-0.000337
0.078333	1.985824	1.757221	-0.000015	0.000952
0.078400	1.999043	1.791076	0.000630	0.000952
0.078467	2.008394	1.822029	0.000952	0.000952
0.078533	2.019356	1.864268	0.000308	0.000952
0.078600	2.030964	1.959707	0.000630	0.000952
0.078667	2.040637	1.899735	0.000308	0.001275
0.078733	2.051599	1.938104	0.000308	0.000308
0.078800	2.062562	2.016777	-0.000015	0.001275
0.078867	2.073847	2.116730	0.000308	0.001275
0.078933	2.085454	1.960996	0.000308	0.000630
0.079000	2.094160	1.913922	-0.000015	0.000952
0.079067	2.104478	1.926497	0.000630	0.000308
0.079133	2.117052	1.935202	0.000308	-0.000015
0.079200	2.128015	2.037412	-0.000337	0.000308
0.079267	2.138333	2.005169	0.000308	0.000308
0.079333	2.149295	2.005814	0.000308	0.000630
0.079400	2.160258	2.090291	-0.000337	0.000630
0.079467	2.170898	2.105123	0.000308	-0.000015
0.079533	2.192823	2.132207	-0.000337	0.000952
0.079600	2.192823	2.160580	-0.000015	0.000952
0.079667	2.228291	2.267627	0.000308	-0.000015
0.079733	2.245057	2.259244	-0.000337	0.000952
0.079800	2.224099	2.167351	0.000630	-0.000015
0.079867	2.234739	2.112861	0.000308	-0.000015
0.079933	2.246669	2.119632	0.000630	0.000630
0.080000	2.256342	2.260856	-0.000015	0.001275
0.080067	2.267950	1.953258	0.000952	0.000630
0.080133	2.277300	2.114151	-0.000015	0.000630
0.080200	2.289230	2.018067	0.000308	0.000308
0.080267	2.299870	2.128982	0.000630	0.000308
0.080333	2.309865	1.993562	0.000630	0.000630
0.080400	2.320506	2.290520	-0.000015	0.000308
0.080467	2.331146	2.150585	0.000630	0.000630
0.080533	2.343398	2.209912	-0.000337	0.000630
0.080600	2.355651	2.253118	-0.000015	-0.000660
0.080667	2.365001	2.360165	-0.000015	0.000308
0.080733	2.375319	2.183473	0.000308	0.001275
0.080800	2.387249	2.253763	0.000308	-0.000015
0.080867	2.395632	2.322763	-0.000015	0.000630
0.080933	2.406917	2.363066	-0.000015	0.000952
0.081000	2.419169	2.425940	-0.000015	0.000308
0.081067	2.428520	2.463020	-0.000015	0.000308
0.081133	2.439160	2.357908	0.000308	0.000952
0.081200	2.450767	2.495585	0.000308	-0.000337
0.081267	2.460763	2.520412	0.000630	0.000308
0.081333	2.471725	2.541370	-0.000015	0.000630
0.081400	2.484300	2.644225	0.000308	0.000308
0.081467	2.493328	2.642936	0.000308	-0.000015
0.081533	2.503646	2.680015	0.000952	0.000630
0.081600	2.516543	2.625525	0.000952	0.000630
0.081667	2.526216	2.670987	0.000952	-0.000015
0.081733	2.536856	2.617141	-0.000015	0.000308
0.081800	2.547174	2.631651	-0.000015	-0.000015
0.081867	2.558137	2.605211	-0.000015	0.000308
0.081933	2.567809	2.607146	-0.000015	0.000308
0.082000	2.578127	2.594571	-0.000015	0.000630
0.082067	2.591024	2.596828	-0.000015	0.000308
0.082133	2.601987	2.568777	-0.000337	0.000630
0.082200	2.612627	2.495585	-0.000337	0.000308
0.082267	2.621655	2.564908	-0.000015	0.000630
0.082333	2.633263	2.466244	0.000308	-0.000015
0.082400	2.643581	2.561683	-0.000015	-0.000337
0.082467	2.654543	2.506225	-0.000015	0.000630
0.082533	2.665183	2.586188	0.000308	0.000308
0.082600	2.675824	2.537823	-0.000337	-0.000015
0.082667	2.686141	2.559749	-0.000337	0.000630
0.082733	2.698071	2.592959	0.000308	-0.000337
0.082800	2.707422	2.598440	-0.000337	0.000308
0.082867	2.609081	2.568132	-0.000015	0.000308
0.082933	2.596506	2.537179	-0.000015	0.000308
0.083000	2.585221	2.593926	0.000308	-0.000015
0.083067	2.572324	2.617786	-0.000337	-0.000015
0.083133	2.560394	2.604567	0.000630	-0.000015
0.083200	2.549431	2.506548	-0.000015	-0.000015
0.083267	2.535244	2.435613	-0.000015	0.000308
0.083333	2.524926	2.557492	-0.000015	0.000308
0.083400	2.512996	2.472048	0.000630	0.000630
0.083467	2.500744	2.413688	0.000308	0.000630
0.083533	2.489137	2.490749	-0.000337	0.000308
0.083600	2.478174	2.552978	-0.000015	-0.000015
0.083667	2.465277	2.602954	0.000630	-0.000015
0.083733	2.454314	2.593604	0.000308	0.000308
0.083800	2.441739	2.670020	-0.000015	-0.000015
0.083867	2.429165	2.627137	-0.000015	0.000308
0.083933	2.418524	2.599085	-0.000015	0.000952
0.084000	2.408207	2.625525	0.000630	-0.000015
0.084067	2.394665	2.506225	0.000308	-0.000015
0.084133	2.384347	2.638099	0.000308	0.000308
0.084200	2.371772	2.453992	0.000308	-0.000015
0.084267	2.360809	2.398856	-0.000015	0.000308
0.084333	2.347267	2.465922	0.000308	0.000630
0.084400	2.335982	2.554267	-0.000015	0.000308
0.084467	2.323408	2.395309	0.000630	0.000308
0.084533	2.314379	2.485912	-0.000015	0.000308
0.084600	2.302450	2.538146	-0.000015	-0.000337
0.084667	2.291487	2.343076	0.000308	-0.000015
0.084733	2.280202	2.470758	-0.000015	-0.000337
0.084800	2.269239	2.399501	-0.000337	0.000308
0.084867	2.254408	2.281169	-0.000337	-0.000015
0.084933	2.245057	2.440450	0.000308	-0.000015
0.085000	2.231837	2.316314	0.000308	-0.000015
0.085067	2.220875	2.431099	-0.000337	0.000630
0.085133	2.208622	2.360165	0.000630	0.000308
0.085200	2.197015	2.402080	0.000308	0.000308
0.085267	2.186052	2.385314	0.000308	-0.000015
0.085333	2.173800	2.339207	0.000630	-0.000660
0.085400	2.162515	2.359520	-0.000015	-0.000015
0.085467	2.151230	2.300515	0.000308	-0.000015
0.085533	2.138333	2.224099	-0.000337	0.000952
0.085600	2.127693	2.180571	0.000308	0.000308
0.085667	2.116085	2.003880	-0.000337	0.000308
0.085733	2.103188	2.133496	-0.000660	0.000308
0.085800	2.092225	2.063529	0.000952	-0.000015
0.085867	2.080295	2.042894	0.000308	0.000308
0.085933	2.068043	2.012908	-0.000015	-0.000015
0.086000	2.058048	1.912310	-0.000015	0.000630
0.086067	2.047408	1.921660	0.000308	-0.000015
0.086133	2.034510	1.871039	-0.000015	0.000952
0.086200	2.023225	1.796235	-0.000015	-0.000337
0.086267	2.011618	1.940683	0.000630	0.000630
0.086333	2.000978	1.824609	0.000308	0.000308
0.086400	1.987758	1.880389	-0.000337	-0.000337
0.086467	1.975506	1.782048	-0.000015	-0.000015
0.086533	1.965511	1.825899	0.000308	-0.000015
0.086600	1.954870	1.926819	0.000630	-0.000015
0.086667	1.942296	1.855884	0.000630	0.000308
0.086733	1.931655	1.956160	-0.000015	0.000630
0.086800	1.918758	1.902637	-0.000337	0.000308
0.086867	1.907796	1.892319	0.000630	0.000308
0.086933	1.895221	1.881034	0.000630	0.000630
0.087000	1.884903	1.746581	0.000308	0.000308
0.087067	1.872328	1.715628	-0.000015	0.000308
0.087133	1.860398	1.658880	0.000308	0.000952
0.087200	1.849758	1.687254	0.000630	-0.000015
0.087267	1.838473	1.657268	0.000308	-0.000015
0.087333	1.827188	1.613095	0.000308	0.000308
0.087400	1.815258	1.646628	0.000630	-0.000337
0.087467	1.803973	1.692090	-0.000015	0.000630
0.087533	1.792043	1.679516	0.000308	-0.000015
0.087600	1.781726	1.695637	0.000630	0.000308
0.087667	1.770441	1.695960	0.000630	0.000952
0.087733	1.758833	1.728847	-0.000337	0.000952
0.087800	1.746581	1.859109	-0.000015	0.000308
0.087867	1.735618	1.767539	-0.000015	-0.000015
0.087933	1.724333	1.781726	-0.000015	0.000630
0.088000	1.713048	1.752707	0.000308	0.000308
0.088067	1.700474	1.763670	-0.000337	0.001275
0.088133	1.690156	1.823642	-0.000015	0.000308
0.088200	1.677903	1.813646	0.000308	0.000308
0.088267	1.666296	1.837506	0.000308	-0.000015
0.088333	1.656623	1.824931	-0.000015	0.000630
0.088400	1.643404	1.780114	-0.000015	0.000308
0.088467	1.632763	1.815903	0.000952	0.000952
0.088533	1.622123	1.793011	0.000308	0.000952
0.088600	1.609226	1.766894	0.000630	0.000952
0.088667	1.596974	1.683707	0.000308	0.000630
0.088733	1.587623	1.706922	-0.000660	0.001275
0.088800	1.576016	1.824931	-0.000015	-0.000337
0.088867	1.564408	1.764315	0.000308	-0.000015
0.088933	1.553446	1.761413	-0.000015	0.000308
0.089000	1.540871	1.772375	0.000952	0.000630
0.089067	1.530876	1.764959	0.000308	0.000308
0.089133	1.519591	1.611805	0.000952	0.000630
0.089200	1.508628	1.576661	0.000308	0.000630
0.089267	1.496698	1.553446	0.000308	0.000308
0.089333	1.484446	1.759156	-0.000015	0.000630
0.089400	1.472839	1.685964	-0.000015	0.000308
0.089467	1.463166	1.487993	0.000308	0.000308
0.089533	1.451881	1.599231	-0.000015	0.000308
0.089600	1.439628	1.593105	-0.000015	-0.000015
0.089667	1.428343	1.531198	0.000630	0.000630
0.089733	1.416736	1.658235	0.000308	0.000630
0.089800	1.406096	1.577628	-0.000015	0.000308
0.089867	1.394166	1.479610	0.000952	0.000308
0.089933	1.383526	1.588913	-0.000015	0.001275
0.090000	1.371596	1.506371	-0.000015	0.000952
0.090067	1.361278	1.531198	0.000630	0.000630
0.090133	1.349348	1.547320	0.000308	0.000952
0.090200	1.338063	1.397390	-0.000015	0.000952
0.090267	1.327423	1.483479	0.000308	0.000308
0.090333	1.315171	1.480254	0.000630	0.001275
0.090400	1.302596	1.366759	0.000308	0.000630
0.090467	1.291633	1.262615	0.000308	0.000630
0.090533	1.280026	1.303886	0.000952	0.000630
0.090600	1.268419	1.389652	0.000308	0.000952
0.090667	1.257456	1.342577	0.001275	0.000308
0.090733	1.247138	1.227148	0.000630	0.000630
0.090800	1.235208	1.410287	0.000308	0.000952
0.090867	1.224891	1.170723	0.000630	0.000308
0.090933	1.212316	1.375143	0.000630	0.000630
0.091000	1.201676	1.348058	0.000952	0.000308
0.091067	1.191036	1.129774	0.000630	0.000630
0.091133	1.179428	1.147185	0.000952	0.000308
0.091200	1.166853	1.068190	0.000308	0.001275
0.091267	1.156536	1.152989	0.000952	0.000952
0.091333	1.144606	1.253909	0.000630	0.000630
0.091400	1.131064	1.066256	-0.000015	0.000952
0.091467	1.122358	1.054326	0.000952	0.000952
0.091533	1.109461	1.109461	0.000308	0.000630
0.091600	1.098499	1.011765	0.000308	0.000952
0.091667	1.087858	1.006284	0.000308	0.000952
0.091733	1.074316	1.005317	0.000308	0.000630
0.091800	1.064966	1.116555	0.000308	0.000952
0.091867	1.051424	1.141704	0.000308	0.000952
0.091933	1.039817	0.941153	0.000952	0.000952
0.092000	1.030144	1.064644	-0.000015	-0.000015
0.092067	1.018214	1.035947	0.000630	0.000952
0.092133	1.006929	1.056260	-0.000015	0.000630
0.092200	0.996611	1.037560	0.000952	0.000630
0.092267	0.984681	0.907943	0.000308	0.000308
0.092333	0.971784	0.987583	0.000308	0.000630
0.092400	0.961789	0.907943	0.000308	0.000308
0.092467	0.950181	0.851841	0.000630	0.000630
0.092533	0.939219	0.905364	0.000952	0.000308
0.092600	0.928256	0.732864	-0.000015	0.000630
0.092667	0.916649	0.715131	0.000630	0.000630
0.092733	0.905041	0.732542	0.000630	0.000308
0.092800	0.893756	0.729963	0.000308	0.000308
0.092867	0.882794	0.736411	0.000630	0.000630
0.092933	0.869897	0.732864	0.000952	0.000308
0.093000	0.858934	0.738346	0.000630	0.000952
0.093067	0.847971	0.740603	0.000630	0.000630
0.093133	0.837009	0.770589	0.000630	0.000630
0.093200	0.825724	0.768976	0.000308	0.000630
0.093267	0.815084	0.747374	0.000308	0.000630
0.093333	0.802187	0.771556	0.000952	0.000952
0.093400	0.792191	0.788322	-0.000015	0.000952
0.093467	0.780584	0.765752	-0.000337	0.000630
0.093533	0.768332	0.759626	0.000630	0.000630
0.093600	0.756724	0.792191	0.000952	0.001597
0.093667	0.745762	0.764462	0.000952	0.000308
0.093733	0.734154	0.826046	0.000308	0.000630
0.093800	0.723837	0.758336	0.000308	0.000952
0.093867	0.712552	0.762205	0.000308	0.000952
0.093933	0.700299	0.765107	0.000952	0.000630
0.094000	0.689337	0.778004	0.000308	0.000952
0.094067	0.679019	0.797350	-0.000015	0.000952
0.094133	0.667089	0.802831	0.000308	0.000308
0.094200	0.655482	0.786710	-0.000015	-0.000015
0.094267	0.645164	0.747374	0.000308	0.000630
0.094333	0.634524	0.739313	-0.000015	0.000308
0.094400	0.622916	0.744472	0.000630	0.001275
0.094467	0.611954	0.749631	0.000308	0.000308
0.094533	0.600669	0.665155	0.000630	0.000630
0.094600	0.587772	0.693528	-0.000015	0.000952
0.094667	0.578421	0.672570	-0.000337	0.000630
0.094733	0.565847	0.724804	0.000630	0.000630
0.094800	0.554239	0.716421	-0.000337	0.000308
0.094867	0.542954	0.626786	0.000630	0.000630
0.094933	0.531669	0.616468	0.000308	0.000630
0.095000	0.521674	0.576164	0.000308	0.000952
0.095067	0.510389	0.644842	0.000952	0.000308
0.095133	0.498459	0.668056	0.000630	0.000630
0.095200	0.485884	0.692239	0.000630	0.000630
0.095267	0.476534	0.600991	-0.000015	0.000308
0.095333	0.464927	0.677407	0.000630	0.000630
0.095400	0.453964	0.662575	0.000308	0.000952
0.095467	0.442357	0.591318	-0.000015	0.000630
0.095533	0.430749	0.492333	0.000630	-0.000015
0.095600	0.419464	0.628720	-0.000015	0.000630
0.095667	0.409791	0.465249	0.000630	0.000630
0.095733	0.396894	0.585192	0.000952	-0.000337
0.095800	0.386254	0.568748	0.000952	0.000308
0.095867	0.375614	0.556174	0.000630	0.000630
0.095933	0.362072	0.493945	0.000630	0.000952
0.096000	0.351754	0.483950	-0.000015	0.000630
0.096067	0.340792	0.494912	0.000308	-0.000015
0.096133	0.329829	0.353366	-0.000015	0.000308
0.096200	0.319189	0.291460	0.000308	0.000630
0.096267	0.305969	0.433006	0.000308	0.000308
0.096333	0.295329	0.431394	0.000308	0.000952
0.096400	0.284689	0.324025	-0.000337	0.001275
0.096467	0.273082	0.210853	-0.000015	0.000308
0.096533	0.260507	0.332731	0.000308	0.000630
0.096600	0.250834	0.382062	0.000630	0.000308
0.096667	0.239549	0.181835	0.000308	0.000630
0.096733	0.227942	0.180867	0.000308	0.000308
0.096800	0.215045	0.216979	-0.000337	0.001275
0.096867	0.206662	0.301133	0.000630	0.000308
0.096933	0.195699	0.337567	-0.000015	-0.000015
0.097000	0.181835	0.186993	0.000630	0.000630
0.097067	0.171194	0.280820	0.000308	0.000630
0.097133	0.161522	0.230844	0.000630	0.000630
0.097200	0.149592	0.171839	0.000308	0.000308
0.097267	0.139274	0.252446	0.000630	-0.000015
0.097333	0.127989	0.202148	0.000630	0.000952
0.097400	0.117349	0.191830	0.000308	0.000308
0.097467	0.105742	0.191507	0.000308	0.000308
0.097533	0.094134	0.082204	-0.000015	-0.000337
0.097600	0.082849	0.158620	0.000952	0.000952
0.097667	0.072531	0.145723	-0.000015	0.000308
0.097733	0.059634	0.085429	0.000952	0.000308
0.097800	0.048994	0.086718	0.000308	0.000630
0.097867	0.038032	0.057700	0.000630	-0.000015
0.097933	0.027392	0.104129	0.000630	0.000308
0.098000	0.015139	0.097036	0.000308	-0.000015
0.098067	0.004499	0.056410	-0.000015	0.000308
0.098133	-0.007753	0.005466	0.000630	-0.000015
0.098200	-0.018716	0.031906	0.000308	0.000308
0.098267	-0.030323	0.063503	0.000308	-0.000015
0.098333	-0.040641	-0.015169	0.000308	0.000630
0.098400	-0.051603	0.031583	0.000308	-0.000015
0.098467	-0.062888	-0.046444	-0.000015	-0.000015
0.098533	-0.074496	-0.037739	0.000308	0.000308
0.098600	-0.085781	-0.070627	-0.000015	-0.000015
0.098667	-0.096421	0.024812	0.000308	-0.000015
0.098733	-0.108351	-0.037417	0.000630	0.000952
0.098800	-0.119313	-0.011945	-0.000337	0.000630
0.098867	-0.128986	-0.082879	0.000308	-0.000015
0.098933	-0.139949	-0.030968	0.000630	-0.000337
0.099000	-0.151234	-0.102547	-0.000015	0.000952
0.099067	-0.164131	-0.038706	-0.000015	-0.000337
0.099133	-0.175416	-0.075463	0.000308	0.000308
0.099200	-0.187023	-0.018716	0.000308	0.000952
0.099267	-0.197018	-0.202500	0.000308	-0.000337
0.099333	-0.207658	-0.189925	0.000630	0.000630
0.099400	-0.220556	-0.085781	-0.000015	0.000308
0.099467	-0.231196	-0.223780	-0.000015	-0.000337
0.099533	-0.241836	-0.058374	0.000308	-0.000015
0.099600	-0.254410	-0.193472	-0.000015	0.000952
0.099667	-0.266340	-0.054505	0.000308	-0.000982
0.099733	-0.277948	-0.048057	0.000308	0.000308
0.099800	-0.287298	-0.175738	-0.000015	0.000952
0.099867	-0.296649	-0.277625	0.000308	-0.000337
0.099933	-0.309868	-0.141561	0.000308	0.000630
0.100000	-0.319541	-0.264406	0.000308	-0.000015
0.100067	-0.330503	-0.304387	0.000308	0.000630
0.100133	-0.341144	-0.202822	0.000630	0.000952
0.100200	-0.355653	-0.330503	-0.000015	0.000952
0.100267	-0.365003	-0.352751	0.000308	0.000630
0.100333	-0.375643	-0.158649	-0.000660	0.000630
0.100400	-0.388218	-0.337597	-0.000015	0.000630
0.100467	-0.400793	-0.360489	0.001275	0.000630
0.100533	-0.409821	-0.210560	-0.000015	-0.000337
0.100600	-0.422073	-0.424330	-0.000660	0.000952
0.100667	-0.431423	-0.359200	-0.000015	0.000308
0.100733	-0.442063	-0.278593	-0.000015	0.000308
0.100800	-0.454638	-0.289233	-0.000015	0.000308
0.100867	-0.464633	-0.509773	-0.000015	-0.000015
0.100933	-0.475918	-0.516544	-0.000015	0.000952
0.101000	-0.485914	-0.415624	0.000308	-0.000015
0.101067	-0.498166	-0.456573	0.000308	-0.000015
0.101133	-0.508484	-0.355008	-0.000015	-0.000015
0.101200	-0.519124	-0.418526	0.000630	0.000630
0.101267	-0.531054	-0.493652	-0.000015	-0.000337
0.101333	-0.545240	-0.283107	0.000308	-0.000015
0.101400	-0.554268	-0.555236	-0.000015	0.000952
0.101467	-0.566843	-0.489138	-0.000015	0.000308
0.101533	-0.574904	-0.352106	0.000308	-0.000015
0.101600	-0.587801	-0.599086	0.000308	0.000952
0.101667	-0.598119	-0.506871	-0.000015	-0.000015
0.101733	-0.610371	-0.353396	0.000308	0.000630
0.101800	-0.620688	-0.461409	-0.000015	-0.000015
0.101867	-0.631329	-0.582320	-0.000660	0.000308
0.101933	-0.643258	-0.617464	0.000308	0.000308
0.102000	-0.653898	-0.410143	-0.000015	-0.000015
0.102067	-0.664861	-0.586189	-0.000015	-0.000015
0.102133	-0.675824	-0.517834	0.000308	0.000308
0.102200	-0.688398	-0.477531	0.000308	0.000630
0.102267	-0.698394	-0.575549	0.000308	-0.000337
0.102333	-0.710323	-0.530731	-0.000015	-0.000015
0.102400	-0.720319	-0.691945	-0.000015	0.000630
0.102467	-0.731281	-0.672599	0.000630	0.000308
0.102533	-0.744501	-0.578773	0.001275	0.000630
0.102600	-0.754496	-0.587156	0.000308	0.000952
0.102667	-0.766103	-0.644548	-0.000015	0.000308
0.102733	-0.778356	-0.741276	-0.000015	-0.000015
0.102800	-0.788996	-0.808019	0.000308	0.000952
0.102867	-0.797379	-0.600698	0.000308	0.000308
0.102933	-0.810921	-0.656155	-0.000660	-0.000015
0.103000	-0.822528	-0.812533	0.000630	0.000952
0.103067	-0.830911	-0.765136	0.000308	0.000308
0.103133	-0.844131	-0.684207	-0.000015	-0.000015
0.103200	-0.855416	-0.687431	-0.000660	-0.000015
0.103267	-0.866701	-0.848967	0.000630	-0.000337
0.103333	-0.877663	-0.860575	0.000308	0.000952
0.103400	-0.887659	-0.845743	-0.000015	0.001275
0.103467	-0.900233	-0.792865	0.000308	0.000308
0.103533	-0.910551	-0.854126	0.000308	0.000308
0.103600	-0.921191	-0.785127	-0.000015	0.000952
0.103667	-0.933443	-0.773842	0.000308	0.000630
0.103733	-0.943116	-0.861542	0.000630	-0.000660
0.103800	-0.955691	-0.857028	-0.000337	-0.000015
0.103867	-0.966331	-0.952789	0.000308	0.000308
0.103933	-0.976649	-0.946663	-0.000015	0.000630
0.104000	-0.988256	-0.964396	0.000630	0.000952
0.104067	-0.998251	-0.817692	-0.000015	0.000952
0.104133	-1.011148	-0.962139	0.000952	-0.000015
0.104200	-1.022756	-0.965364	-0.000015	0.000308
0.104267	-1.032106	-0.936990	0.000308	-0.000015
0.104333	-1.044036	-1.035653	-0.000015	0.000630
0.104400	-1.054676	-0.905714	-0.000015	0.000952
0.104467	-1.065316	-0.867668	0.000308	-0.000015
0.104533	-1.077246	-0.955368	0.000308	0.000630
0.104600	-1.088531	-1.084339	-0.000015	-0.000015
0.104667	-1.101106	-1.065639	-0.000015	-0.000337
0.104733	-1.109811	-1.106264	-0.000015	0.000308
0.104800	-1.121418	-0.934088	-0.000660	0.000952
0.104867	-1.132703	-1.147213	-0.000015	-0.000015
0.104933	-1.144311	-1.044036	0.000630	0.000308
0.105000	-1.154629	-1.020821	-0.000660	0.000308
0.105067	-1.164946	-0.936990	-0.000015	0.000630
0.105133	-1.173652	-0.947630	0.000630	-0.000015
0.105200	-1.187839	-1.082727	-0.000015	0.000308
0.105267	-1.199446	-0.985354	0.000308	0.000630
0.105333	-1.209441	-1.002120	0.000630	-0.000015
0.105400	-1.220404	-1.132059	-0.000337	0.000308
0.105467	-1.233623	-1.007602	0.000630	0.000308
0.105533	-1.243618	-1.086274	0.000630	0.000952
0.105600	-1.254581	-1.034041	0.000308	0.000630
0.105667	-1.266188	-1.012438	-0.000337	0.000308
0.105733	-1.276184	-1.048227	0.000630	0.001275
0.105800	-1.289081	-1.258773	-0.000015	0.000630
0.105867	-1.299076	-1.084017	0.000952	0.000952
0.105933	-1.309716	-1.169460	0.000308	0.000630
0.106000	-1.321324	-1.049517	0.000308	0.000952
0.106067	-1.330996	-1.183325	0.000308	0.000630
0.106133	-1.341959	-1.140442	0.000952	0.000308
0.106200	-1.352599	-1.379683	0.000630	0.000308
0.106267	-1.363239	-1.431916	0.000308	-0.000015
0.106333	-1.377748	-1.189773	-0.000015	0.000630
0.106400	-1.387421	-1.386454	0.000308	0.001275
0.106467	-1.396772	-1.459000	-0.000015	-0.000337
0.106533	-1.409346	-1.323580	0.000630	0.000952
0.106600	-1.419019	-1.447715	0.000308	0.000630
0.106667	-1.429982	-1.411926	-0.000015	-0.000015
0.106733	-1.441266	-1.471252	-0.000015	0.000630
0.106800	-1.453196	-1.476411	-0.000015	0.000952
0.106867	-1.463514	-1.498981	0.000630	0.000952
0.106933	-1.474477	-1.581522	0.000630	0.000630
0.107000	-1.485439	-1.585714	0.000308	0.000308
0.107067	-1.498336	-1.526387	0.000630	0.000952
0.107133	-1.508009	-1.544121	0.000630	0.000630
0.107200	-1.518327	-1.562822	0.000308	-0.000015
0.107267	-1.529934	-1.530579	0.000308	0.000952
0.107333	-1.541219	-1.558630	0.000952	-0.000015
0.107400	-1.552826	-1.595064	-0.000015	0.000630
0.107467	-1.562822	-1.588938	0.000952	0.000308
0.107533	-1.573784	-1.546700	0.000630	0.000630
0.107600	-1.585392	-1.571527	0.000630	0.001275
0.107667	-1.597321	-1.509944	0.000630	0.000308
0.107733	-1.606994	-1.556373	0.000630	0.001275
0.107800	-1.618924	-1.522196	0.000630	0.001275
0.107867	-1.631176	-1.525098	0.000630	0.000308
0.107933	-1.640849	-1.541864	0.000952	0.000952
0.108000	-1.652456	-1.574107	0.000308	0.001597
0.108067	-1.663419	-1.565079	0.000952	0.000630
0.108133	-1.674381	-1.573462	0.000952	0.000630
0.108200	-1.684699	-1.617634	0.000630	0.000308
0.108267	-1.696951	-1.620214	-0.000015	0.000952
0.108333	-1.707269	-1.620214	0.000308	0.000630
0.108400	-1.717909	-1.577008	0.000308	0.000952
0.108467	-1.728872	-1.603125	0.000308	0.000630
0.108533	-1.740157	-1.621181	-0.000015	0.000630
0.108600	-1.751764	-1.585392	-0.000015	0.000308
0.108667	-1.763049	-1.591518	0.000630	0.001275
0.108733	-1.773689	-1.646975	0.000952	0.001275
0.108800	-1.784652	-1.583779	0.000630	-0.000015
0.108867	-1.795292	-1.666966	0.000630	-0.000015
0.108933	-1.806254	-1.541864	0.000308	0.000630
0.109000	-1.818184	-1.751764	0.000308	0.000952
0.109067	-1.829469	-1.733386	0.000630	0.000952
0.109133	-1.841721	-1.748862	-0.000015	0.000630
0.109200	-1.853006	-1.796904	-0.000015	0.000952
0.109267	-1.861389	-1.698564	0.000630	0.000308
0.109333	-1.872997	-1.670512	0.000952	-0.000015
0.109400	-1.885249	-1.738545	0.000630	0.001597
0.109467	-1.894922	-1.728549	0.000630	0.000630
0.109533	-1.906529	-1.800451	0.000630	0.000308
0.109600	-1.918137	-1.642461	0.000952	0.001597
0.109667	-1.928777	-1.819151	0.000952	0.000308
0.109733	-1.941029	-1.660840	0.000630	0.000952
0.109800	-1.950057	-1.713718	0.000630	0.001275
0.109867	-1.962309	-1.733386	-0.000015	0.000630
0.109933	-1.973272	-1.794969	0.000308	-0.000015
0.110000	-1.982944	-1.737255	-0.000015	0.000630
0.110067	-1.994874	-1.841076	-0.000337	0.000308
0.110133	-2.006159	-1.871385	0.000308	0.000308
0.110200	-2.018734	-1.782395	0.000308	0.000630
0.110267	-2.028084	-1.898791	-0.000015	0.000952
0.110333	-2.039692	-1.942963	0.000630	0.000952
0.110400	-2.049364	-1.994552	0.000308	0.000630
0.110467	-2.061294	-1.937482	-0.000337	0.000630
0.110533	-2.072579	-1.979075	0.000952	0.000952
0.110600	-2.083864	-1.903950	-0.000015	0.000630
0.110667	-2.094182	-1.970370	0.000308	-0.000015
0.110733	-2.104500	-1.871062	-0.000015	-0.000015
0.110800	-2.116107	-1.998421	0.000630	0.000308
0.110867	-2.126747	-1.962631	-0.000015	0.000952
0.110933	-2.137710	-1.905562	0.000630	0.000952
0.111000	-2.148672	-1.937160	0.000308	0.000952
0.111067	-2.159312	-1.916524	0.000952	0.000630
0.111133	-2.171242	-1.942963	0.000308	0.000308
0.111200	-2.180592	-1.991328	0.000630	0.000630
0.111267	-2.193489	-1.960375	0.000630	0.000952
0.111333	-2.202840	-2.123845	0.000308	-0.000015
0.111400	-2.215737	-2.115140	0.000630	0.000630
0.111467	-2.226699	-2.141901	0.000308	0.000630
0.111533	-2.237017	-2.035500	0.000630	-0.000015
0.111600	-2.246690	-1.997776	0.000630	0.000630
0.111667	-2.259909	-2.215737	0.000308	0.000952
0.111733	-2.270227	-2.109658	0.000308	0.001275
0.111800	-2.281190	-2.199938	0.000308	-0.000015
0.111867	-2.292475	-2.164793	0.000630	0.000308
0.111933	-2.303437	-2.031631	0.000308	0.000952
0.112000	-2.313755	-2.010351	-0.000015	0.000952
0.112067	-2.324717	-2.062262	0.000308	0.000952
0.112133	-2.334713	-2.040336	0.000952	0.000630
0.112200	-2.346320	-2.021958	0.000630	0.000630
0.112267	-2.356960	-2.005514	-0.000015	0.000308
0.112333	-2.367923	-2.039692	0.000630	-0.000015
0.112400	-2.379852	-1.987458	0.000308	0.000630
0.112467	-2.390492	-1.963921	0.000308	0.000630
0.112533	-2.400488	-2.107724	-0.000015	0.000308
0.112600	-2.412418	-2.070322	-0.000015	-0.000015
0.112667	-2.424025	-2.173499	0.000308	0.000630
0.112733	-2.433375	-2.176078	-0.000015	0.000308
0.112800	-2.443693	-2.217027	0.000308	0.000308
0.112867	-2.455945	-2.276031	-0.000015	0.000952
0.112933	-2.466263	-2.306339	-0.000015	-0.000015
0.113000	-2.477548	-2.389525	0.000308	0.000308
0.113067	-2.488510	-2.414352	-0.000015	0.000630
0.113133	-2.500118	-2.361796	-0.000015	-0.000015
0.113200	-2.509146	-2.381142	0.000630	0.000952
0.113267	-2.520431	-2.569440	-0.000015	0.000952
0.113333	-2.531071	-2.641986	-0.000015	0.000952
0.113400	-2.543001	-2.672294	-0.000015	0.000308
0.113467	-2.554286	-2.453366	-0.000015	0.000308
0.113533	-2.565570	-2.641018	0.000308	0.000630
0.113600	-2.578145	-2.659719	0.000630	0.000630
0.113667	-2.586851	-2.656495	-0.000015	0.000630
0.113733	-2.598136	-2.613935	0.000630	0.000308
0.113800	-2.608776	-2.640051	-0.000337	0.000630
0.113867	-2.619738	-2.567827	0.000630	0.000630
0.113933	-2.630701	-2.568150	0.000308	0.000630
0.114000	-2.641986	-2.548482	0.000308	0.001597
0.114067	-2.651981	-2.314400	0.000952	-0.000015
0.114133	-2.662943	-2.390815	-0.000015	0.000952
0.114200	-2.674551	-2.362441	0.000630	0.000308
0.114267	-2.685836	-2.366955	0.000308	0.000630
0.114333	-2.696153	-2.573954	0.000630	-0.000015
0.114400	-2.706794	-2.417254	-0.000337	0.000308
0.114467	-2.717434	-2.493347	0.000308	0.000952
0.114533	-2.728719	-2.443371	0.000308	-0.000337
0.114600	-2.740326	-2.475291	0.000308	0.000952
0.114667	-2.750644	-2.378563	0.000630	0.001275
0.114733	-2.761606	-2.405324	-0.000015	-0.000337
0.114800	-2.771924	-2.512692	-0.000015	-0.000015
0.114867	-2.783531	-2.483674	-0.000015	0.000630
0.114933	-2.794494	-2.693252	0.000630	0.000308
0.115000	-2.804811	-2.907666	0.000630	0.000952
0.115067	-2.814807	-2.770312	-0.000337	-0.000015
0.115133	-2.826737	-2.900572	-0.000337	-0.000015
0.115200	-2.837377	-2.917983	0.000308	-0.000015
0.115267	-2.848662	-2.926044	-0.000015	-0.000015
0.115333	-2.859947	-2.818031	0.000308	-0.000337
0.115400	-2.869297	-2.897993	0.000630	0.000630
0.115467	-2.880582	-2.745807	0.000630	0.000630
0.115533	-2.890900	-2.901862	0.000308	0.000952
0.115600	-2.899605	-2.878647	0.000308	0.000952
0.115667	-2.910245	-2.853176	-0.000015	0.000308
0.115733	-2.822867	-2.880582	-0.000015	0.000630
0.115800	-2.810938	-2.955063	-0.000015	-0.000660
0.115867	-2.798685	-2.979889	-0.000337	0.000308
0.115933	-2.788045	-2.972796	-0.000660	0.000308
0.116000	-2.775471	-3.051791	0.000308	-0.000337
0.116067	-2.764186	-3.044697	-0.000015	0.000630
0.116133	-2.751611	-3.034057	-0.000015	-0.000337
0.116200	-2.741293	-3.000525	-0.000337	-0.000015
0.116267	-2.730008	-2.934750	-0.000015	0.000952
0.116333	-2.718079	-2.994399	-0.000337	-0.000015
0.116400	-2.704859	-2.942488	-0.000015	0.000308
0.116467	-2.696153	-2.979245	0.000308	0.000308
0.116533	-2.682934	-2.982469	-0.000337	0.000308
0.116600	-2.671971	-2.959254	-0.000015	0.000308
0.116667	-2.661976	-2.937329	0.000308	0.000308
0.116733	-2.649724	-2.900250	-0.000337	0.000630
0.116800	-2.637472	-2.877680	0.000630	-0.000015
0.116867	-2.627799	-2.878002	-0.000015	-0.000337
0.116933	-2.616514	-2.825447	-0.000015	-0.000015
0.117000	-2.604262	-2.942165	0.000308	0.000630
0.117067	-2.593299	-2.730331	-0.000015	0.000308
0.117133	-2.582982	-2.731943	-0.000015	-0.000015
0.117200	-2.572019	-2.867040	0.000308	-0.000337
0.117267	-2.559767	-2.799330	-0.000015	0.000308
0.117333	-2.547515	-2.857367	-0.000015	0.000630
0.117400	-2.536552	-2.858979	-0.000015	0.000308
0.117467	-2.526879	-2.966025	-0.000015	-0.000015
0.117533	-2.514949	-2.862204	0.000308	0.000308
0.117600	-2.503987	-2.737424	0.000308	0.000630
0.117667	-2.492057	-2.810938	-0.000015	0.000308
0.117733	-2.481739	-2.682612	-0.000015	0.000630
0.117800	-2.470777	-2.497216	0.000308	-0.000015
0.117867	-2.459492	-2.340839	-0.000337	0.000630
0.117933	-2.447885	-2.459492	-0.000015	0.000630
0.118000	-2.436277	-2.442081	0.000308	0.000630
0.118067	-2.424670	-2.218639	-0.000015	0.001275
0.118133	-2.414030	-2.232826	-0.000015	0.000630
0.118200	-2.403067	-2.226377	0.000308	0.000630
0.118267	-2.392105	-2.130616	-0.000337	0.000308
0.118333	-2.381787	-2.122555	-0.000015	0.000308
0.118400	-2.369857	-2.102565	-0.000337	-0.000015
0.118467	-2.358572	-2.177046	-0.000015	0.000630
0.118533	-2.348899	-2.280545	0.000308	0.000308
0.118600	-2.336970	-2.154476	-0.000015	0.000952
0.118667	-2.325685	-2.123523	0.000630	0.000630
0.118733	-2.316334	-2.049687	0.000630	0.000308
0.118800	-2.304082	-2.087088	0.000308	0.000630
0.118867	-2.292797	-2.168018	0.000308	0.000308
0.118933	-2.282479	-2.181560	-0.000660	0.000308
0.119000	-2.271839	-2.212190	0.000630	-0.000337
0.119067	-2.260877	-2.223475	-0.000015	0.000630
0.119133	-2.248302	-2.154153	0.000952	0.000308
0.119200	-2.238629	-2.112238	-0.000337	0.000308
0.119267	-2.227989	-2.079028	-0.000337	-0.000015
0.119333	-2.216059	-2.080317	0.000630	0.000308
0.119400	-2.206064	-2.112560	0.000308	0.000630
0.119467	-2.195102	-2.129649	0.000308	-0.000015
0.119533	-2.184139	-2.072257	0.000952	0.001275
0.119600	-2.172532	-2.033243	-0.000337	0.000308
0.119667	-2.161892	-1.991328	0.000630	0.000308
0.119733	-2.150607	-2.079028	0.000308	0.000630
0.119800	-2.140611	-2.100630	-0.000337	-0.000015
0.119867	-2.128359	-2.080962	-0.000337	0.000630
0.119933	-2.118041	-2.109336	0.000308	0.000630
0.120000	-2.107724	-2.067098	0.001597	0.000630
0.120067	-2.097729	-2.155443	-0.000015	-0.000015
0.120133	-2.086121	-2.243788	-0.000015	0.000308
0.120200	-2.075159	-2.199938	0.000952	0.000308
0.120267	-2.062906	-2.213480	0.000308	-0.000015
0.120333	-2.052911	-2.150929	0.000308	0.000308
0.120400	-2.041626	-2.201873	-0.000015	0.001275
0.120467	-2.030664	-2.162859	-0.000337	-0.000015
0.120533	-2.020668	-2.144158	0.000308	0.000308
0.120600	-2.009383	-2.110626	0.000630	0.000630
0.120667	-1.999711	-2.114817	0.000308	-0.000015
0.120733	-1.986814	-2.106434	0.000630	0.000630
0.120800	-1.975851	-2.119654	0.000630	0.000952
0.120867	-1.965533	-1.881380	-0.000015	0.000308
0.120933	-1.954893	-1.964888	-0.000015	0.000308
0.121000	-1.943931	-1.923295	0.000308	0.000630
0.121067	-1.932001	-1.849782	0.000952	0.000308
0.121133	-1.922651	-2.003580	0.000630	-0.000015
0.121200	-1.910398	-1.932968	0.000308	0.000630
0.121267	-1.899758	-1.861389	-0.000015	0.000952
0.121333	-1.889118	-1.855908	0.000308	0.000630
0.121400	-1.878156	-1.870740	0.000308	0.000952
0.121467	-1.868160	-1.837852	-0.000015	-0.000337
0.121533	-1.855908	-1.856230	0.000308	0.000308
0.121600	-1.845590	-1.863324	0.000308	0.000952
0.121667	-1.833661	-1.859132	-0.000015	0.000308
0.121733	-1.822698	-1.965533	-0.000015	-0.000015
0.121800	-1.811736	-2.134808	0.000630	0.000952
0.121867	-1.800773	-1.878156	0.000308	0.000630
0.121933	-1.790778	-1.882347	-0.000015	-0.000015
0.122000	-1.778848	-1.932646	0.000308	0.001597
0.122067	-1.767241	-2.030019	-0.000015	0.000630
0.122133	-1.757245	-1.851072	0.000630	0.000630
0.122200	-1.746928	-1.845268	0.000308	0.000308
0.122267	-1.736288	-1.922651	0.000308	0.000308
0.122333	-1.725647	-1.965533	0.000308	0.000630
0.122400	-1.714362	-1.938449	0.000630	0.000952
0.122467	-1.701465	-1.818829	0.000630	0.000308
0.122533	-1.690503	-1.845590	0.000308	0.000308
0.122600	-1.679863	-1.746605	0.000308	0.000952
0.122667	-1.670190	-1.767885	0.000630	-0.000015
0.122733	-1.659227	-1.755633	0.000630	0.000308
0.122800	-1.647298	-1.818184	0.000630	-0.000337
0.122867	-1.637625	-1.827212	0.000308	0.000952
0.122933	-1.626662	-1.785941	0.000630	0.000952
0.123000	-1.614732	-1.750152	0.001275	0.000630
0.123067	-1.604737	-1.696951	0.000308	0.000308
0.123133	-1.592807	-1.721778	-0.000015	0.000308
0.123200	-1.583135	-1.728227	0.000308	0.000952
0.123267	-1.571527	-1.587326	0.000308	0.000630
0.123333	-1.560242	-1.621503	0.000952	0.000630
0.123400	-1.549925	-1.472864	0.000630	0.000308
0.123467	-1.539284	-1.600546	0.000630	0.000952
0.123533	-1.527999	-1.657293	0.000630	0.000308
0.123600	-1.517359	-1.593452	0.000308	0.000308
0.123667	-1.505107	-1.505430	0.000630	0.000630
0.123733	-1.496402	-1.390968	0.000630	0.000952
0.123800	-1.484472	-1.437720	-0.000015	0.000952
0.123867	-1.474154	-1.331319	0.000630	0.000952
0.123933	-1.463192	-1.376459	0.000308	0.000630
0.124000	-1.451907	-1.359370	0.000952	0.000630
0.124067	-1.440944	-1.284244	0.000630	0.000308
0.124133	-1.430949	-1.355178	-0.000015	0.000630
0.124200	-1.420631	-1.346795	0.000630	0.000952
0.124267	-1.408056	-1.313585	0.000308	0.000952
0.124333	-1.398706	-1.292305	0.001275	-0.000015
0.124400	-1.387744	-1.329062	0.000630	0.000308
0.124467	-1.376781	-1.291338	0.000308	0.000952
0.124533	-1.365818	-1.249745	0.000952	0.000308
0.124600	-1.354856	-1.204605	0.000630	0.000952
0.124667	-1.343893	-1.212021	-0.000337	0.000630
0.124733	-1.332931	-1.181390	0.000630	0.000952
0.124800	-1.321646	-1.236203	0.001275	0.000630
0.124867	-1.312296	-1.252969	0.000952	0.000630
0.124933	-1.301011	-1.296497	0.000308	0.000952
0.125000	-1.290048	-1.261674	0.000308	0.000952
0.125067	-1.279408	-1.287469	0.000952	0.000952
0.125133	-1.267801	-1.315842	-0.000015	-0.000015
0.125200	-1.257483	-1.283922	0.000630	0.000952
0.125267	-1.247488	-1.289403	0.000630	0.001275
0.125333	-1.235235	-1.227175	0.000630	0.000630
0.125400	-1.225240	-1.256838	0.000308	0.000308
0.125467	-1.214278	-1.271025	0.000630	0.000308
0.125533	-1.204927	-1.256516	0.000308	0.000952
0.125600	-1.193642	-1.208151	0.000630	0.000952
0.125667	-1.182357	-1.174941	0.000308	0.000952
0.125733	-1.172040	-1.212988	-0.000015	0.000630
0.125800	-1.161399	-1.167203	-0.000337	-0.000015
0.125867	-1.149792	-1.179455	-0.000337	0.000952
0.125933	-1.139797	-1.156885	0.000308	0.000308
0.126000	-1.129157	-1.110456	0.000630	0.000630
0.126067	-1.118194	-1.170105	0.000308	0.000952
0.126133	-1.106264	-1.166881	0.000308	0.000630
0.126200	-1.095947	-1.176554	0.000630	0.000630
0.126267	-1.084017	-1.169138	0.000630	0.000952
0.126333	-1.074666	-1.236848	0.000630	0.000308
0.126400	-1.063059	-1.124965	0.001275	0.000308
0.126467	-1.055966	-1.125932	0.000630	0.000630
0.126533	-1.042101	-1.124320	0.000630	0.000952
0.126600	-1.031461	-1.079503	0.000630	0.000630
0.126667	-1.021466	-1.061769	0.000630	0.000952
0.126733	-1.009214	-1.091755	0.000630	0.000630
0.126800	-0.998896	-1.084017	0.000630	0.000952
0.126867	-0.987611	-1.087241	0.000952	0.000952
0.126933	-0.977616	-1.148825	0.000308	0.000630
0.127000	-0.966976	-0.999863	0.000630	0.000952
0.127067	-0.955691	-0.966653	0.000952	0.000630
0.127133	-0.943761	-1.045326	-0.000015	0.000952
0.127200	-0.933766	-0.961172	0.000308	0.000308
0.127267	-0.922803	-0.991803	0.000630	0.000630
0.127333	-0.910873	-0.920546	0.000630	0.000308
0.127400	-0.900878	-0.888303	0.000308	-0.000337
0.127467	-0.890238	-1.015017	0.000630	0.000630
0.127533	-0.879920	-0.985676	0.000308	0.000952
0.127600	-0.868635	-1.008569	0.000308	0.000308
0.127667	-0.859285	-0.965041	0.000630	0.000308
0.127733	-0.846710	-0.823495	0.000308	0.000630
0.127800	-0.835425	-0.804472	0.000308	0.000952
0.127867	-0.825430	-0.891528	-0.000015	0.000630
0.127933	-0.813500	-0.802215	0.001275	-0.000015
0.128000	-0.803505	-0.864444	0.000308	0.000308
0.128067	-0.793187	-0.773197	-0.000015	0.000630
0.128133	-0.781257	-0.772229	0.000630	0.000308
0.128200	-0.771262	-0.779323	0.000952	0.000952
0.128267	-0.759655	-0.851224	0.000308	0.000630
0.128333	-0.749982	-0.739987	0.000308	-0.000015
0.128400	-0.738697	-0.743856	0.000630	0.000630
0.128467	-0.727734	-0.827042	0.000308	0.000630
0.128533	-0.717739	-0.833491	0.000630	0.000630
0.128600	-0.707099	-0.755786	-0.000015	0.000308
0.128667	-0.697104	-0.691945	0.000630	0.000952
0.128733	-0.684207	-0.708389	-0.000015	0.000308
0.128800	-0.675179	-0.758687	0.000308	0.000630
0.128867	-0.664216	-0.692590	0.000952	0.000630
0.128933	-0.652931	-0.690978	-0.000337	0.000952
0.129000	-0.642291	-0.642291	0.000952	0.000630
0.129067	-0.630039	-0.701295	-0.000015	0.000308
0.129133	-0.619721	-0.668408	0.000308	0.000308
0.129200	-0.608759	-0.666473	0.000630	-0.000015
0.129267	-0.598763	-0.655511	0.000308	0.000308
0.129333	-0.587801	-0.630684	0.000308	0.000630
0.129400	-0.576193	-0.621656	0.000952	0.000308
0.129467	-0.564586	-0.607146	0.000952	0.000308
0.129533	-0.555236	-0.560717	-0.000015	0.000308
0.129600	-0.544918	-0.551689	0.000630	0.001275
0.129667	-0.533633	-0.548787	0.000308	0.000308
0.129733	-0.522348	-0.570067	-0.000015	0.000630
0.129800	-0.512998	-0.566843	0.000308	0.000630
0.129867	-0.501390	-0.592960	0.000308	0.000630
0.129933	-0.489460	-0.520413	-0.000015	-0.000015
0.130000	-0.478820	-0.575871	0.000308	0.000308
0.130067	-0.468503	-0.546530	-0.000015	0.000630
0.130133	-0.458185	-0.513320	0.000308	0.000308
0.130200	-0.446900	-0.450124	0.000308	0.000308
0.130267	-0.435293	-0.537502	-0.000337	-0.000015
0.130333	-0.425942	-0.519769	-0.000015	-0.000015
0.130400	-0.414980	-0.435615	0.000308	-0.000015
0.130467	-0.404339	-0.438517	0.000308	0.000630
0.130533	-0.392732	-0.503970	-0.000015	0.001275
0.130600	-0.382737	-0.404339	0.000630	0.000952
0.130667	-0.369840	-0.411755	0.000308	-0.000015
0.130733	-0.361134	-0.468180	-0.000015	0.000630
0.130800	-0.349204	-0.389185	0.000630	0.000308
0.130867	-0.338564	-0.468825	-0.000015	-0.000015
0.130933	-0.327602	-0.389508	-0.000337	0.000952
0.131000	-0.316639	-0.393054	-0.000015	-0.000015
0.131067	-0.306321	-0.331471	0.000630	0.000630
0.131133	-0.295036	-0.450769	0.000952	0.000630
0.131200	-0.285686	-0.437549	0.000308	0.000308
0.131267	-0.274401	-0.312125	0.000308	0.000308
0.131333	-0.264083	-0.428522	0.000630	0.000952
0.131400	-0.250864	-0.436260	0.000952	-0.000337
0.131467	-0.241513	-0.365003	-0.000015	0.000630
0.131533	-0.231518	-0.290845	0.000308	-0.000015
0.131600	-0.221200	-0.222168	0.000630	-0.000015
0.131667	-0.208948	-0.345013	0.000308	0.000630
0.131733	-0.199920	-0.198630	0.000630	-0.000015
0.131800	-0.187023	-0.359522	-0.000015	0.000630
0.131867	-0.177673	-0.190570	0.000952	-0.000015
0.131933	-0.166065	-0.274723	0.000308	0.000952
0.132000	-0.155425	-0.278270	0.000308	-0.000015
0.132067	-0.144785	-0.303742	0.000308	0.000952
0.132133	-0.133500	-0.276336	-0.000015	0.000630
0.132200	-0.123505	-0.177995	0.000630	0.000308
0.132267	-0.113832	-0.186056	0.000630	0.000308
0.132333	-0.102225	-0.213462	-0.000015	-0.000015
0.132400	-0.091584	-0.214752	-0.000015	0.000308
0.132467	-0.079655	-0.232485	-0.000660	0.000630
0.132533	-0.068692	-0.178318	0.000308	-0.000015
0.132600	-0.058052	-0.055795	0.000308	-0.000337
0.132667	-0.047412	-0.141561	-0.000337	0.000308
0.132733	-0.035804	-0.052893	-0.000337	-0.000015
0.132800	-0.026454	-0.135757	0.000308	0.000308
0.132867	-0.014524	-0.111575	0.000308	-0.000015
0.132933	-0.003562	-0.020328	-0.000337	-0.000015
0.133000	0.006111	-0.003884	0.000308	0.000952
0.133067	0.017074	-0.106094	-0.000337	0.000308
0.133133	0.027714	-0.028066	-0.000337	0.000308
0.133200	0.039644	-0.014847	-0.000015	0.000308
0.133267	0.049961	0.043190	0.000952	0.000630
0.133333	0.060924	0.023200	-0.000015	-0.000015
