    1.0000	   -0.1835	   -5.5496
    2.0000	   -0.2361	   -9.2541
    3.0000	   -0.1555	  -13.8065
    4.0000	   -0.2696	  -17.2396
    5.0000	   -0.3649	  -21.4188
    6.0000	   -0.0518	  -23.4634
    7.0000	   -0.3396	  -28.2080
    8.0000	   -0.5245	  -32.1349
    9.0000	   -0.1334	  -35.9944
   10.0000	   -0.5494	  -39.8382
   11.0000	   -0.4648	  -42.5132
   12.0000	   -1.0816	  -47.8901
   13.0000	   -1.0618	  -51.5585
   14.0000	   -1.0798	  -55.3953
   15.0000	   -1.5088	  -61.0626
   16.0000	   -1.5299	  -63.2832
   17.0000	   -1.4838	  -66.8758
   18.0000	   -2.2563	  -62.3814
   19.0000	   -2.1536	  -70.4053
   20.0000	   -2.4084	  -79.0067
   21.0000	   -1.9352	  -84.4570
   22.0000	   -2.8252	  -82.0283
   23.0000	   -2.9617	  -85.7864
   24.0000	   -3.0097	  -95.1264
   25.0000	   -3.4441	  -98.4166
   26.0000	   -3.3474	  -98.1342
   27.0000	   -4.9414	 -105.9085
   28.0000	   -3.4541	 -104.4522
   29.0000	   -4.0817	 -103.4387
   30.0000	   -2.1944	  -96.5626
   31.0000	   -7.5372	 -121.1563
   32.0000	   -6.7705	 -128.7894
   33.0000	   -5.9848	 -135.5801
   34.0000	   -6.0610	 -126.4492
   35.0000	   -8.9271	 -127.3903
   36.0000	   -7.1737	  -98.3984
   37.0000	   -8.2469	 -154.0229
   38.0000	   -8.1353	 -136.8948
   39.0000	  -12.9099	 -139.5391
   40.0000	   -9.0125	 -159.7873
   41.0000	  -11.9469	 -170.6698
   42.0000	   -9.0086	  150.7717
   43.0000	  -15.5142	 -163.0427
   44.0000	  -14.4228	  175.0782
   45.0000	  -20.8718	  -16.9998
   46.0000	  -10.5069	  168.4075
   47.0000	  -20.9573	  125.1515
   48.0000	  -12.8921	   37.5846
   49.0000	   -7.7808	 -161.8491
   50.0000	  -18.5810	 -146.9385
   51.0000	  -18.9726	 -169.0840
   52.0000	  -19.1584	  177.5011
   53.0000	  -20.7085	 -172.4738
   54.0000	   -9.8864	  172.9240
   55.0000	   -3.3223	   -2.3178
   56.0000	   -7.9233	  -19.7641
   57.0000	  -10.8573	  -38.6329
   58.0000	  -17.3129	    5.3286
   59.0000	   -8.7134	  -21.4714
   60.0000	   -3.1404	  -25.8328
   61.0000	    2.3330	 -163.2653
   62.0000	   -4.9056	 -124.2397
   63.0000	   -2.2448	 -131.6910
   64.0000	    2.1212	   30.9587
   65.0000	  -14.6755	   11.5567
   66.0000	  -19.1987	  163.4332
   67.0000	   -3.9597	  -59.9589
   68.0000	   -7.7701	  -93.7580
   69.0000	   -9.6165	  -99.0513
   70.0000	   -5.7614	  -20.5242
   71.0000	   -7.6869	  -84.9761
   72.0000	  -12.9434	 -116.3199
   73.0000	  -10.0509	  139.4364
   74.0000	  -11.7391	 -135.0198
   75.0000	  -14.0545	 -132.5131
   76.0000	   -0.9166	  -45.3066
   77.0000	   -7.5891	 -130.6584
   78.0000	   -8.1751	 -120.7126
   79.0000	    6.8512	   29.7586
   80.0000	   -5.8754	 -153.3956
   81.0000	   -7.8709	 -152.4935
   82.0000	   -0.3721	  160.9952
   83.0000	   -8.1449	  170.8978
   84.0000	  -10.1826	 -172.9088
   85.0000	    4.2922	  166.9970
   86.0000	  -24.0235	  -86.2478
   87.0000	   -9.6840	  166.9962
   88.0000	    1.0719	  123.9280
   89.0000	  -16.1137	  -70.2622
   90.0000	  -14.9466	  -52.9149
   91.0000	    1.8276	  -11.2202
   92.0000	  -12.1590	  165.3203
   93.0000	   -7.0581	 -145.1610
   94.0000	    1.2744	 -174.7621
   95.0000	   -2.4965	  -20.3226
   96.0000	   -0.2770	  -23.7705
   97.0000	    9.2360	  -47.7328
   98.0000	    5.4492	  125.1074
   99.0000	   -7.9024	  113.5669
  100.0000	   -3.4906	  -12.3330
  101.0000	   -0.2832	  124.7769
  102.0000	  -14.5003	  119.0533
  103.0000	   -7.2510	   47.4760
  104.0000	   -8.8245	  133.5540
  105.0000	   -7.1255	  116.5597
  106.0000	   -3.0464	  115.0025
  107.0000	    0.9768	 -102.7275
  108.0000	   -2.8417	 -140.2034
  109.0000	    1.0764	 -156.2029
  110.0000	    2.2171	   -7.4392
  111.0000	   -4.9970	  -90.9342
  112.0000	    0.3508	  -95.1068
  113.0000	    4.7003	   99.3747
  114.0000	   -8.7623	  158.4076
  115.0000	   -4.0045	  176.3617
  116.0000	    1.8949	   12.0448
  117.0000	   -6.1119	   31.1999
  118.0000	   -7.5391	   43.8525
  119.0000	    7.2834	 -168.2449
  120.0000	   -5.5043	 -173.0351
  121.0000	   -7.6287	  161.8955
  122.0000	    8.6926	 -170.2097
  123.0000	   -1.1962	 -176.2151
  124.0000	   -0.5471	  169.6089
  125.0000	    8.5719	  -99.6728
  126.0000	   -1.8925	 -163.9879
  127.0000	    1.9202	  139.8336
  128.0000	   22.3336	  -15.0673
  129.0000	   -0.2903	   59.4917
  130.0000	  -15.2351	   79.9044
  131.0000	   -3.2098	 -133.3908
  132.0000	  -13.1524	 -123.8510
  133.0000	   -8.4462	  113.2145
  134.0000	    8.8108	 -158.2228
  135.0000	   -6.3556	   -6.6642
  136.0000	   -7.3041	   57.6756
  137.0000	   10.5755	  -27.2209
  138.0000	    0.1428	  112.2533
  139.0000	   -1.9758	  124.2754
  140.0000	    4.5948	   61.2851
  141.0000	   -2.2240	  142.3450
  142.0000	   -4.8557	  123.1895
  143.0000	    5.4931	   91.2097
  144.0000	  -10.9266	 -144.5382
  145.0000	  -13.8461	   56.0703
  146.0000	   -0.4861	   -6.5190
  147.0000	   -0.9175	  160.0699
  148.0000	  -12.3954	  151.6285
  149.0000	    3.7616	 -157.7875
  150.0000	   -0.1645	   52.9112
  151.0000	    0.6153	   86.2464
  152.0000	    4.2946	  102.7826
  153.0000	   -5.2774	  -38.8907
  154.0000	  -12.9136	   51.2771
  155.0000	    0.4092	   35.8366
  156.0000	   -0.5901	 -114.2807
  157.0000	   -5.8143	  -96.5032
  158.0000	   -3.3502	  -90.9902
  159.0000	   -1.0199	   58.5004
  160.0000	   -4.8584	   58.7825
  161.0000	   -5.5952	   41.4475
  162.0000	   -3.6596	 -138.7444
  163.0000	   -9.8460	  -64.9691
  164.0000	   -2.7367	 -105.9162
  165.0000	    0.5452	  118.3671
  166.0000	   -9.1313	  130.8298
  167.0000	  -49.4669	    7.1549
  168.0000	   -3.4499	 -100.8952
  169.0000	  -22.2587	  116.7728
  170.0000	   -3.4063	 -142.9279
  171.0000	    3.3625	   58.4181
  172.0000	   -5.1394	  123.3256
  173.0000	  -19.4581	 -123.9920
  174.0000	    3.9538	   50.6810
  175.0000	  -13.0526	   62.5435
  176.0000	  -11.3301	  -12.5058
  177.0000	    0.5915	  148.2267
  178.0000	  -10.4899	  -73.2659
  179.0000	  -13.6194	   58.1354
  180.0000	   -2.9777	   75.4553
  181.0000	   -6.7241	  107.0573
  182.0000	  -14.5017	   72.2774
  183.0000	    7.6105	 -156.8076
  184.0000	   -3.7386	 -174.1445
  185.0000	  -13.6048	  137.6879
  186.0000	    7.4300	  114.3009
  187.0000	   -8.4391	 -102.3291
  188.0000	   -9.1094	    8.2253
  189.0000	   11.4853	  -54.3691
  190.0000	    0.4448	  136.0023
  191.0000	   -3.3889	  161.6457
  192.0000	   11.0225	  169.5977
  193.0000	   -2.5112	   27.4917
  194.0000	  -15.5604	   29.4967
  195.0000	   -2.6808	  -87.8073
  196.0000	   -3.8280	   96.4255
  197.0000	   -7.6048	   70.1491
  198.0000	    4.7479	   21.3841
  199.0000	   -1.0629	  167.3882
  200.0000	    0.2309	  149.7893
  201.0000	    7.8823	  138.4822
  202.0000	   -1.9941	   19.0600
  203.0000	   -5.7729	   47.5678
  204.0000	    5.1629	   83.1986
  205.0000	   -4.5178	 -124.6891
  206.0000	  -17.6599	  -38.3260
  207.0000	    5.7020	   57.7615
  208.0000	    2.9220	 -109.4382
  209.0000	   -8.2181	  -47.3033
  210.0000	    2.1720	  -13.2810
  211.0000	    2.8401	 -155.2024
  212.0000	   -9.5314	 -113.9473
  213.0000	   -6.7147	 -149.1203
  214.0000	   -7.1958	 -177.9227
  215.0000	   -4.8286	  145.6104
  216.0000	   -0.1448	  103.7439
  217.0000	    4.9406	 -115.8142
  218.0000	   -5.8878	 -152.3436
  219.0000	   -8.5662	   85.7473
  220.0000	    7.4045	 -117.5232
  221.0000	   -6.9978	 -109.9342
  222.0000	   -8.0316	 -141.1714
  223.0000	   -4.3727	 -171.3584
  224.0000	  -18.9127	  -72.6124
  225.0000	   -0.3337	  168.9878
  226.0000	    5.5515	   63.3049
  227.0000	   -7.2704	  133.2889
  228.0000	  -11.3069	  115.2874
  229.0000	    1.0729	 -115.8124
  230.0000	   -3.1178	 -137.3798
  231.0000	   -7.4208	   50.0877
  232.0000	    0.7432	   -2.2393
  233.0000	  -10.1519	  -65.6133
  234.0000	   -4.2625	   77.5170
  235.0000	    4.2419	   22.7305
  236.0000	  -11.0902	   76.1214
  237.0000	  -14.3903	 -153.1382
  238.0000	   10.9996	  130.4427
  239.0000	   -5.7932	  -96.3767
  240.0000	   -6.8291	   49.8231
  241.0000	    1.7894	   64.5288
  242.0000	   -6.4007	 -160.5889
  243.0000	  -12.6182	  161.6346
  244.0000	    5.2377	  102.5371
  245.0000	   -7.0877	 -118.1063
  246.0000	   -0.8579	 -164.4581
  247.0000	    4.6093	  140.3744
  248.0000	   -2.3310	  -82.6658
  249.0000	   -3.1546	 -104.7141
  250.0000	   -2.4255	 -139.4396
  251.0000	   -0.2166	  -96.7356
  252.0000	    4.3733	 -127.2219
  253.0000	   11.7885	 -141.2788
  254.0000	    6.4715	   14.8400
  255.0000	    1.3120	   45.7336
  256.0000	    3.2408	   61.9239
