0.000010	0.154428	-0.714192	-0.000015	0.000308
0.000020	0.165713	-0.711291	-0.000337	-0.000015
0.000030	0.178610	-0.734505	0.000308	0.000308
0.000040	0.190218	-0.713548	-0.000015	0.000308
0.000050	0.201825	-0.641969	0.000308	0.000630
0.000060	0.216012	-0.665506	-0.000015	0.000308
0.000070	0.228264	-0.692912	0.000308	0.000308
0.000080	0.240516	-0.723543	-0.000015	0.000308
0.000090	0.253091	-0.717094	0.000308	0.000630
0.000100	0.265021	-0.713548	-0.000015	-0.000015
0.000110	0.277273	-0.716449	-0.000337	-0.000015
0.000120	0.288558	-0.738052	-0.000015	0.000308
0.000130	0.301455	-0.720963	0.000308	-0.000015
0.000140	0.314030	-0.726445	-0.000015	-0.000337
0.000150	0.326605	-0.667763	0.000308	0.000630
0.000160	0.339502	-0.669697	0.000630	0.000308
0.000170	0.350464	-0.721608	0.000308	0.000630
0.000180	0.364329	-0.688721	0.000308	0.000630
0.000190	0.375614	-0.650674	-0.000337	-0.000015
0.000200	0.388511	-0.699683	0.000952	0.000630
0.000210	0.401408	-0.705487	-0.000015	0.000630
0.000220	0.413016	-0.670665	0.000308	0.000952
0.000230	0.424945	-0.672922	-0.000337	0.000308
0.000240	0.436875	-0.763846	0.000952	0.000952
0.000250	0.450740	-0.744501	0.000308	-0.000015
0.000260	0.461702	-0.754173	0.000308	0.000630
0.000270	0.474922	-0.603922	0.000952	0.000308
0.000280	0.487174	-0.283107	-0.000015	0.000308
0.000290	0.502006	-0.609726	-0.000015	0.000952
0.000300	0.514903	-0.779323	0.000308	0.000308
0.000310	0.525865	-0.709678	0.000308	0.000630
0.000320	0.537795	-0.480110	0.000630	0.000308
0.000330	0.548758	-0.581675	-0.000015	0.000952
0.000340	0.561333	-0.718062	-0.000015	-0.000015
0.000350	0.574552	-0.718384	-0.000015	0.001275
0.000360	0.584870	-0.695169	-0.000015	-0.000015
0.000370	0.598089	-0.729024	-0.000015	0.000308
0.000380	0.611309	-0.719029	-0.000015	-0.000015
0.000390	0.622272	-0.708066	-0.000015	0.000308
0.000400	0.636136	-0.716772	0.000630	0.000630
0.000410	0.648711	-0.736440	0.000308	0.000308
0.000420	0.659673	-0.724510	0.000308	0.000308
0.000430	0.673215	-0.723543	-0.000015	-0.000015
0.000440	0.685145	-0.732571	0.000630	0.000630
0.000450	0.696753	-0.735473	0.000308	0.000630
0.000460	0.709327	-0.730636	-0.000015	0.000630
0.000470	0.721580	-0.742566	-0.000015	0.000308
0.000480	0.734799	-0.741276	0.000308	0.000952
0.000490	0.747696	-0.733861	-0.000015	0.000630
0.000500	0.759304	-0.736118	0.000308	0.000308
0.000510	0.771233	-0.733538	-0.000015	0.000308
0.000520	0.783163	-0.735473	-0.000015	0.000308
0.000530	0.794448	-0.732893	0.000308	-0.000015
0.000540	0.807990	-0.728702	-0.000015	0.000308
0.000550	0.821210	-0.719996	0.000630	0.000308
0.000560	0.832817	-0.732571	0.000630	0.000308
0.000570	0.845714	-0.720963	0.000952	0.000308
0.000580	0.858289	-0.711613	-0.000015	0.000630
0.000590	0.870219	-0.722898	0.000308	0.000308
0.000600	0.882149	-0.698716	0.000308	0.000308
0.000610	0.892789	-0.721931	-0.000337	0.000630
0.000620	0.907943	-0.708066	0.000308	0.000308
0.000630	0.919228	-0.727412	0.000308	0.000308
0.000640	0.931803	-0.706777	0.000630	0.000308
0.000650	0.944700	-0.722576	0.000308	-0.000015
0.000660	0.957597	-0.723543	-0.000015	0.000308
0.000670	0.968560	-0.736440	-0.000015	0.000308
0.000680	0.978233	-0.772874	-0.000015	0.000630
0.000690	0.992742	-0.746435	0.000952	-0.000015
0.000700	1.004994	-0.725155	0.000630	0.000308
0.000710	1.018214	-0.737085	-0.000015	-0.000337
0.000720	1.030789	-0.739664	0.000630	0.000308
0.000730	1.038849	-0.736762	0.000308	0.000308
0.000740	1.054648	-0.727412	0.000308	-0.000015
0.000750	1.065933	-0.730314	0.000308	0.000308
0.000760	1.079475	-0.742566	0.000630	0.000630
0.000770	1.093662	-0.719351	-0.000337	0.000308
0.000780	1.104625	-0.719996	0.000308	0.000630
0.000790	1.118489	-0.736118	0.000308	0.000308
0.000800	1.129129	-0.724188	0.000308	0.000630
0.000810	1.141059	-0.716449	-0.000015	0.000630
0.000820	1.155568	-0.714837	0.000630	0.000308
0.000830	1.165886	-0.706777	0.000630	-0.000015
0.000840	1.178138	-0.714515	-0.000015	0.000630
0.000850	1.189746	-0.693557	0.000630	0.000630
0.000860	1.202965	-0.674856	0.000630	0.000308
0.000870	1.215863	-0.681950	0.000308	-0.000015
0.000880	1.227793	-0.688398	0.000308	0.000308
0.000890	1.241335	-0.687753	-0.000015	0.000308
0.000900	1.252297	-0.710968	0.000308	0.000630
0.000910	1.264872	-0.701618	-0.000015	-0.000015
0.000920	1.277447	-0.682272	0.000952	0.000308
0.000930	1.290666	-0.664861	-0.000015	0.000952
0.000940	1.300984	-0.658735	-0.000015	-0.000015
0.000950	1.312591	-0.649385	-0.000015	-0.000015
0.000960	1.325811	-0.659057	-0.000337	0.000630
0.000970	1.339030	-0.654866	-0.000015	-0.000015
0.000980	1.352250	-0.658090	0.000308	0.000308
0.000990	1.363858	-0.661637	-0.000337	0.000630
0.001000	1.374820	-0.672277	-0.000015	0.000630
0.001010	1.387717	-0.651319	0.000630	0.000630
0.001020	1.399970	-0.655188	0.000308	-0.000015
0.001030	1.411899	-0.652286	0.000630	0.000630
0.001040	1.421895	-0.625525	-0.000015	0.001275
0.001050	1.436726	-0.624558	0.000308	0.000630
0.001060	1.448979	-0.630361	-0.000015	-0.000015
0.001070	1.462521	-0.640357	-0.000337	0.000952
0.001080	1.472194	-0.626492	-0.000015	0.000308
0.001090	1.487348	-0.632941	-0.000015	-0.000015
0.001100	1.499278	-0.614240	0.000308	0.000952
0.001110	1.511530	-0.627137	-0.000660	-0.000015
0.001120	1.522170	-0.602955	0.000630	0.000308
0.001130	1.539259	-0.585866	-0.000015	0.000630
0.001140	1.547642	-0.581030	-0.000015	0.000308
0.001150	1.560217	-0.581352	0.000308	0.000630
0.001160	1.573114	-0.601343	-0.000015	0.000308
0.001170	1.584721	-0.591992	0.000308	0.000308
0.001180	1.596651	-0.595217	0.000308	0.000630
0.001190	1.609871	-0.588446	-0.000337	0.000952
0.001200	1.622123	-0.580063	-0.000015	0.000308
0.001210	1.633731	-0.585866	0.000952	0.000630
0.001220	1.645661	-0.570067	-0.000337	0.000308
0.001230	1.659847	-0.574259	-0.000015	0.000630
0.001240	1.671132	-0.550077	0.000308	0.000630
0.001250	1.683707	-0.544273	-0.000015	0.000630
0.001260	1.695315	-0.544596	0.000308	-0.000337
0.001270	1.707567	-0.537180	0.000308	0.000952
0.001280	1.719497	-0.532343	-0.000015	-0.000015
0.001290	1.732716	-0.534278	0.000630	-0.000015
0.001300	1.745614	-0.534600	-0.000337	0.000308
0.001310	1.758188	-0.532343	-0.000015	0.000308
0.001320	1.769151	-0.536212	-0.000337	0.000630
0.001330	1.781403	-0.520091	-0.000015	0.000630
0.001340	1.794623	-0.513642	-0.000337	0.000308
0.001350	1.806553	-0.511385	-0.000015	0.000308
0.001360	1.819128	-0.512998	-0.000015	0.000308
0.001370	1.830413	-0.510418	-0.000015	0.000952
0.001380	1.843955	-0.526862	-0.000015	0.000952
0.001390	1.855240	-0.524927	-0.000015	0.000952
0.001400	1.868137	-0.542983	0.000952	0.000308
0.001410	1.881034	-0.523638	-0.000015	0.000630
0.001420	1.892319	-0.494942	-0.000015	0.000308
0.001430	1.904894	-0.492040	0.000630	0.000308
0.001440	1.918436	-0.511708	0.000630	0.000308
0.001450	1.927786	-0.493329	-0.000015	0.000630
0.001460	1.942618	-0.487848	0.000308	0.000308
0.001470	1.954548	-0.483012	0.000308	0.000308
0.001480	1.966155	-0.476563	0.000630	0.000308
0.001490	1.976796	-0.467858	0.000308	0.000630
0.001500	1.991305	-0.473661	0.000308	0.000308
0.001510	2.003557	-0.459475	0.000308	-0.000015
0.001520	2.015487	-0.468825	0.000308	0.000308
0.001530	2.029029	-0.471082	-0.000015	0.000952
0.001540	2.041926	-0.498811	-0.000015	-0.000015
0.001550	2.053211	-0.479143	0.000630	0.000630
0.001560	2.065141	-0.474629	-0.000015	0.000308
0.001570	2.079651	-0.482045	0.000308	0.000630
0.001580	2.089646	-0.485591	0.000952	0.000630
0.001590	2.102221	-0.457540	-0.000660	0.000630
0.001600	2.115440	-0.462376	0.000308	-0.000015
0.001610	2.126725	-0.448512	0.000630	0.000630
0.001620	2.138978	-0.448512	-0.000015	0.000308
0.001630	2.150585	-0.449802	0.000308	-0.000015
0.001640	2.163160	-0.441096	-0.000015	0.001275
0.001650	2.176702	-0.436260	0.000630	-0.000015
0.001660	2.187020	-0.427554	0.000308	0.000308
0.001670	2.200562	-0.441096	-0.000337	0.000952
0.001680	2.212814	-0.435615	0.000308	0.000952
0.001690	2.226679	-0.433036	0.000308	0.000308
0.001700	2.237641	-0.419171	0.000630	-0.000015
0.001710	2.250216	-0.426265	0.000308	0.000308
0.001720	2.261179	-0.421106	0.000630	0.000630
0.001730	2.275688	-0.425620	-0.000015	-0.000015
0.001740	2.286328	-0.418204	0.000308	0.000308
0.001750	2.300193	-0.411110	-0.000337	0.000308
0.001760	2.310833	-0.419171	0.001275	0.000952
0.001770	2.324697	-0.418526	-0.000015	-0.000015
0.001780	2.335982	-0.413367	0.000308	0.000952
0.001790	2.349202	-0.411110	0.000308	0.000308
0.001800	2.360809	-0.413690	0.000308	-0.000015
0.001810	2.371772	-0.408853	0.000308	0.000630
0.001820	2.385314	-0.417237	-0.000015	0.000308
0.001830	2.397244	-0.417881	0.000630	0.000630
0.001840	2.411108	-0.406919	0.000630	-0.000015
0.001850	2.422716	-0.402082	0.000308	-0.000015
0.001860	2.433356	-0.401438	0.000630	0.000630
0.001870	2.446898	-0.380157	0.000308	0.000308
0.001880	2.459151	-0.369195	-0.000015	0.000630
0.001890	2.471403	-0.359844	0.000308	0.000308
0.001900	2.483333	-0.362746	-0.000015	-0.000015
0.001910	2.496552	-0.351139	0.000308	0.000630
0.001920	2.510094	-0.339854	0.000952	0.000630
0.001930	2.520412	-0.342433	0.000308	0.000308
0.001940	2.532665	-0.345013	-0.000015	0.000952
0.001950	2.546529	-0.346302	-0.000015	0.000630
0.001960	2.558459	-0.333405	0.000308	0.000308
0.001970	2.570067	-0.325345	0.000308	0.000308
0.001980	2.584898	-0.322120	0.000308	0.000952
0.001990	2.595538	-0.322443	-0.000015	0.000630
0.002000	2.607146	-0.318896	0.000308	0.000308
0.002010	2.619076	-0.324377	0.000308	0.000308
0.002020	2.633263	-0.323732	0.000630	-0.000337
0.002030	2.644225	-0.324700	-0.000015	0.000308
0.002040	2.656155	-0.324377	0.000630	0.000952
0.002050	2.668730	-0.324055	0.000308	0.000308
0.002060	2.681627	-0.323088	0.000308	0.000308
0.002070	2.692590	-0.317284	0.000308	0.000952
0.002080	2.705487	-0.311803	-0.000015	0.000630
0.002090	2.718062	-0.314060	-0.000015	0.000308
0.002100	2.730637	-0.309546	-0.000015	0.000308
0.002110	2.742889	-0.308256	0.000308	0.000952
0.002120	2.756754	-0.307934	0.000630	-0.000015
0.002130	2.767071	-0.305032	0.000308	0.000308
0.002140	2.779001	-0.306966	-0.000015	0.000630
0.002150	2.792221	-0.299873	-0.000015	0.000630
0.002160	2.804151	-0.302775	-0.000015	0.000308
0.002170	2.816726	-0.296004	0.000308	0.000308
0.002180	2.828978	-0.293102	0.000308	0.000308
0.002190	2.840586	-0.281817	0.000308	0.000630
0.002200	2.853805	-0.276013	-0.000015	0.000308
0.002210	2.865413	-0.274401	0.000308	0.000630
0.002220	2.879600	-0.273111	0.000308	0.000308
0.002230	2.890885	-0.270854	0.000308	0.000630
0.002240	2.903137	-0.264083	0.000630	0.000630
0.002250	2.916034	-0.262794	-0.000337	0.000952
0.002260	2.926997	-0.259247	-0.000337	0.000630
0.002270	2.940217	-0.259247	0.000630	0.000952
0.002280	2.951824	-0.251509	0.000308	0.000308
0.002290	2.963754	-0.245383	0.000308	-0.000015
0.002300	2.976006	-0.244738	-0.000015	0.000952
0.002310	2.987614	-0.242481	-0.000015	0.000308
0.002320	3.000834	-0.242481	0.000630	0.000308
0.002330	3.013408	-0.242158	0.000308	0.000630
0.002340	3.025016	-0.231196	0.000308	0.001275
0.002350	3.037591	-0.229906	-0.000337	0.000952
0.002360	3.050488	-0.234098	0.000308	0.000630
0.002370	3.062095	-0.234742	-0.000015	-0.000337
0.002380	3.074025	-0.226037	0.000308	0.000308
0.002390	3.086923	-0.216686	0.000630	-0.000015
0.002400	3.100142	-0.215074	0.000308	-0.000015
0.002410	3.112395	-0.210560	0.000308	0.000630
0.002420	3.122712	-0.202177	0.000308	0.000630
0.002430	3.136899	-0.201532	0.000308	0.000630
0.002440	3.148184	-0.200887	0.000630	0.000630
0.002450	3.159470	-0.197341	-0.000015	0.000308
0.002460	3.173012	-0.190247	0.000308	0.000630
0.002470	3.185909	-0.185089	0.000952	0.000630
0.002480	3.196549	-0.183799	-0.000015	0.000630
0.002490	3.211381	-0.175738	0.000630	0.000308
0.002500	3.222021	-0.169934	0.000308	0.000308
0.002510	3.232984	-0.164453	-0.000015	0.000630
0.002520	3.245881	-0.161551	-0.000015	0.000952
0.002530	3.257811	-0.156392	0.000308	0.000952
0.002540	3.178493	-0.152846	0.000308	0.000308
0.002550	3.165918	-0.148009	0.000630	0.000630
0.002560	3.152054	-0.146075	0.000630	0.000308
0.002570	3.139479	-0.141238	-0.000015	0.000308
0.002580	3.125614	-0.135112	-0.000015	0.000952
0.002590	3.112395	-0.132855	-0.000015	0.000308
0.002600	3.098853	-0.130921	0.000308	0.000630
0.002610	3.085310	-0.126407	0.000308	0.000630
0.002620	3.071446	-0.122215	-0.000015	0.000630
0.002630	3.060483	-0.118023	0.000630	0.000630
0.002640	3.046296	-0.114477	0.000308	-0.000015
0.002650	3.031787	-0.114154	0.000308	-0.000015
0.002660	3.022436	-0.110608	0.000308	0.000630
0.002670	3.005992	-0.106416	-0.000015	0.000630
0.002680	2.993095	-0.100935	-0.000015	0.000630
0.002690	2.980520	-0.100612	0.000630	-0.000337
0.002700	2.967301	-0.096743	-0.000015	0.000630
0.002710	2.953759	-0.093519	0.000630	0.000308
0.002720	2.939894	-0.090295	0.000630	0.000308
0.002730	2.928287	-0.085781	0.000308	0.001920
0.002740	2.915389	-0.080944	-0.000015	0.000308
0.002750	2.899913	-0.078687	-0.000337	-0.000015
0.002760	2.888628	-0.075463	0.000630	0.000952
0.002770	2.876053	-0.072239	0.000630	0.000952
0.002780	2.863478	-0.068692	0.000630	0.000308
0.002790	2.849936	-0.066435	-0.000015	-0.000015
0.002800	2.836716	-0.062566	0.000630	0.000630
0.002810	2.823174	-0.059664	0.000308	0.000630
0.002820	2.811567	-0.055150	-0.000337	0.000630
0.002830	2.797380	-0.051926	0.000630	-0.000015
0.002840	2.785128	-0.048057	0.000952	0.000630
0.002850	2.770618	-0.045155	-0.000015	0.000630
0.002860	2.758688	-0.041286	0.000308	0.000308
0.002870	2.746113	-0.037094	0.000630	0.000308
0.002880	2.732571	-0.032903	0.000630	0.001275
0.002890	2.719997	-0.029678	-0.000015	0.000630
0.002900	2.705487	-0.025164	0.000308	0.000308
0.002910	2.694525	-0.021618	0.001275	0.000630
0.002920	2.680983	-0.016459	-0.000337	-0.000015
0.002930	2.667118	-0.013234	0.000952	0.000308
0.002940	2.654866	-0.009043	-0.000337	0.000630
0.002950	2.641646	-0.005174	0.000630	0.001275
0.002960	2.628426	-0.001305	0.000630	0.000308
0.002970	2.615529	0.003209	-0.000015	0.000308
0.002980	2.604244	0.007723	-0.000015	0.000952
0.002990	2.591669	0.011593	-0.000015	-0.000015
0.003000	2.576838	0.015139	0.000308	0.000308
0.003010	2.562973	0.019008	0.000308	0.000308
0.003020	2.549753	0.022878	-0.000337	0.000308
0.003030	2.537823	0.026747	0.000952	0.000308
0.003040	2.524604	0.030616	0.000630	0.000630
0.003050	2.512029	0.035452	-0.000660	0.000308
0.003060	2.499132	0.039321	-0.000015	-0.000015
0.003070	2.486557	0.042868	0.000308	0.000952
0.003080	2.470758	0.046415	-0.000015	0.000308
0.003090	2.460763	0.051574	0.000308	0.000308
0.003100	2.447221	0.055765	0.000308	0.000630
0.003110	2.433679	0.059312	-0.000015	0.000308
0.003120	2.421104	0.063503	-0.000337	0.000630
0.003130	2.408851	0.067373	0.000308	0.000952
0.003140	2.395309	0.070597	-0.000337	0.000308
0.003150	2.379188	0.074144	0.000630	0.000308
0.003160	2.368870	0.078013	0.000308	-0.000015
0.003170	2.358230	0.083816	0.000308	0.000630
0.003180	2.343076	0.086396	-0.000015	0.000630
0.003190	2.331146	0.090910	0.000630	0.000308
0.003200	2.317281	0.094457	-0.000015	0.000308
0.003210	2.305351	0.098648	-0.000015	0.000952
0.003220	2.291809	0.102517	0.000308	0.000630
0.003230	2.280847	0.108321	0.000630	-0.000015
0.003240	2.265693	0.113802	-0.000015	0.000630
0.003250	2.255052	0.113480	0.002565	-0.000015
0.003260	2.255697	0.118961	0.000308	-0.000337
0.003270	2.221520	0.123153	-0.000015	0.000308
0.003280	2.212814	0.165068	0.000308	0.000952
0.003290	2.204753	0.203437	-0.000660	0.000308
0.003300	2.187987	0.163456	0.000308	0.000952
0.003310	2.175412	0.175708	-0.000660	0.000630
0.003320	2.161548	0.176031	0.000308	0.000630
0.003330	2.149618	0.170872	0.000952	0.000630
0.003340	2.135753	0.166680	0.000308	-0.000015
0.003350	2.124146	0.166680	0.000308	0.000630
0.003360	2.111249	0.163134	0.000630	0.000952
0.003370	2.098674	0.168293	0.000308	0.000308
0.003380	2.085777	0.165068	0.000630	0.000308
0.003390	2.073524	0.165713	0.000308	0.000308
0.003400	2.058048	0.163134	-0.000337	0.000308
0.003410	2.046440	0.161844	0.000308	0.000952
0.003420	2.033543	0.169582	0.000630	0.000630
0.003430	2.020001	0.167325	0.000630	0.000308
0.003440	2.007104	0.169905	0.000630	0.000952
0.003450	1.996464	0.195054	-0.000015	0.000630
0.003460	1.981310	0.173774	-0.000015	0.000308
0.003470	1.967768	0.175064	0.000630	0.000952
0.003480	1.954870	0.177321	0.000630	0.000308
0.003490	1.943263	0.180545	0.000308	0.000630
0.003500	1.930366	0.182479	0.001275	0.000952
0.003510	1.917146	0.183769	-0.000015	-0.000015
0.003520	1.906183	0.187316	0.000952	0.000630
0.003530	1.890707	0.188606	0.000308	0.000308
0.003540	1.878777	0.192475	0.000952	0.000308
0.003550	1.866202	0.194732	0.000308	0.000308
0.003560	1.853305	0.197956	0.000630	0.000308
0.003570	1.839441	0.200858	-0.000015	0.000308
0.003580	1.828478	0.202148	0.000630	0.000308
0.003590	1.813969	0.205372	-0.000015	0.000308
0.003600	1.801071	0.209563	0.000630	0.000308
0.003610	1.788497	0.211498	-0.000015	0.000630
0.003620	1.775277	0.215367	0.000308	-0.000015
0.003630	1.762702	0.217624	-0.000015	0.000630
0.003640	1.750450	0.219881	0.000308	0.000630
0.003650	1.737553	0.227942	0.000308	0.001275
0.003660	1.724978	0.238582	0.000308	0.000308
0.003670	1.710791	0.246643	0.000308	0.001275
0.003680	1.698217	0.249222	0.000630	0.000308
0.003690	1.685964	0.252446	0.000308	0.000308
0.003700	1.672422	0.253736	0.001275	0.001275
0.003710	1.659203	0.256315	0.000308	0.000630
0.003720	1.647595	0.257928	0.000308	0.000308
0.003730	1.634376	0.260507	-0.000015	0.000952
0.003740	1.620511	0.261152	0.000630	0.000308
0.003750	1.606969	0.265666	0.000630	0.000308
0.003760	1.595039	0.267278	0.000308	0.000952
0.003770	1.582787	0.271147	0.000630	0.000308
0.003780	1.569890	0.273404	0.000630	0.000630
0.003790	1.557637	0.276306	0.000308	-0.000015
0.003800	1.544095	0.282432	0.000630	0.001597
0.003810	1.529586	0.285656	0.000952	0.000630
0.003820	1.518301	0.292427	-0.000015	0.000630
0.003830	1.505081	0.292427	0.000308	0.000308
0.003840	1.491217	0.293717	0.000952	0.001275
0.003850	1.478642	0.295007	-0.000015	0.000630
0.003860	1.467035	0.294684	0.000308	-0.000015
0.003870	1.453815	0.291783	0.000630	0.000308
0.003880	1.440273	0.291783	0.000630	0.000308
0.003890	1.427054	0.293717	0.000308	0.000952
0.003900	1.413512	0.292750	0.000630	0.000630
0.003910	1.402549	0.286946	0.000630	0.000630
0.003920	1.389652	0.286946	0.000630	0.000308
0.003930	1.377722	0.286624	0.000630	0.000308
0.003940	1.364180	0.290493	0.000952	0.000308
0.003950	1.349671	0.290170	-0.000015	0.000630
0.003960	1.338708	0.293717	0.000630	0.000630
0.003970	1.325811	0.296297	0.000630	-0.000015
0.003980	1.312269	0.298554	-0.000015	0.000630
0.003990	1.299049	0.301133	0.000630	0.001275
0.004000	1.286152	0.302745	0.000308	0.000630
0.004010	1.273900	0.305002	-0.000015	-0.000015
0.004020	1.260035	0.305647	0.000630	0.000952
0.004030	1.247783	0.307259	0.000308	0.000952
0.004040	1.234886	0.306614	0.000308	0.000308
0.004050	1.222634	0.306292	-0.000337	0.000630
0.004060	1.208769	0.309194	0.000308	-0.000015
0.004070	1.196517	0.309839	0.000308	0.000952
0.004080	1.183942	0.312096	0.000308	0.000308
0.004090	1.170723	0.289848	0.000630	0.000308
0.004100	1.157503	0.312740	0.000308	0.000630
0.004110	1.144283	0.314675	0.000308	0.000308
0.004120	1.132998	0.317577	0.000630	0.000630
0.004130	1.118489	0.319511	0.000308	0.000630
0.004140	1.106882	0.322736	0.000308	0.000630
0.004150	1.093340	0.327895	0.000630	0.000308
0.004160	1.081410	0.333698	0.000308	0.001597
0.004170	1.068513	0.337890	0.000630	0.000308
0.004180	1.054326	0.356591	0.001275	0.000952
0.004190	1.042718	0.351754	0.000630	0.000308
0.004200	1.030144	0.359170	0.000308	0.000952
0.004210	1.016602	0.366586	0.000308	0.000630
0.004220	1.003705	0.374969	0.000630	0.001275
0.004230	0.990163	0.382707	0.000630	0.000308
0.004240	0.978555	0.392703	0.000630	0.000630
0.004250	0.965658	0.403020	-0.000015	0.000630
0.004260	0.951471	0.407212	0.000308	0.000630
0.004270	0.939864	0.413338	0.000308	0.000308
0.004280	0.926322	0.422044	-0.000015	0.000630
0.004290	0.913747	0.428815	-0.000015	0.000952
0.004300	0.901817	0.434618	0.000308	0.000308
0.004310	0.889242	0.438810	0.000308	0.000630
0.004320	0.876023	0.443646	0.000952	0.000630
0.004330	0.862803	0.447838	0.000308	0.000630
0.004340	0.850873	0.451385	0.000630	0.000308
0.004350	0.836686	0.456221	0.000952	-0.000015
0.004360	0.824434	0.460090	0.000308	0.000952
0.004370	0.810570	0.461057	0.000630	0.000630
0.004380	0.798317	0.459445	-0.000015	0.000952
0.004390	0.786388	0.454931	-0.000015	0.000630
0.004400	0.772846	0.448160	0.000308	0.000630
0.004410	0.759948	0.448483	0.000308	0.000952
0.004420	0.747374	0.425590	0.000630	0.000630
0.004430	0.735121	0.465894	0.000630	-0.000337
0.004440	0.723514	0.510389	0.000308	0.000952
0.004450	0.708360	0.557463	0.000308	0.000952
0.004460	0.695463	0.490076	0.000952	0.000630
0.004470	0.681921	0.472987	0.000308	0.000308
0.004480	0.669669	0.475567	0.000630	0.000630
0.004490	0.656771	0.548435	0.000308	0.000308
0.004500	0.643552	0.507487	0.000308	0.000308
0.004510	0.631944	0.550370	-0.000015	0.000952
0.004520	0.618402	0.588739	0.000308	0.000952
0.004530	0.605183	0.581323	0.000308	0.000630
0.004540	0.593898	0.572295	0.000308	0.000308
0.004550	0.580033	0.580033	0.000630	0.000630
0.004560	0.566814	0.602926	0.000630	-0.000015
0.004570	0.554562	0.589061	0.000308	0.000952
0.004580	0.541342	0.641940	0.000630	0.000630
0.004590	0.529090	0.579711	0.000952	0.000952
0.004600	0.516837	0.618725	-0.000015	0.000308
0.004610	0.502973	0.574875	-0.000015	0.000952
0.004620	0.488786	0.604538	0.000308	0.000630
0.004630	0.476856	0.647743	0.001275	0.000630
0.004640	0.465249	0.504263	0.000952	0.000952
0.004650	0.451062	0.321124	0.000308	0.001275
0.004660	0.438487	0.449450	0.000308	0.000308
0.004670	0.427202	0.544566	0.000308	0.000308
0.004680	0.413983	0.590996	0.000308	0.000630
0.004690	0.400763	0.530702	0.000308	0.000630
0.004700	0.387866	0.567459	0.000308	0.000952
0.004710	0.374647	0.490076	0.000630	0.000630
0.004720	0.362394	0.335310	0.000952	0.000630
0.004730	0.350464	0.485884	-0.000015	0.000630
0.004740	0.337245	0.555851	-0.000015	0.000630
0.004750	0.323381	0.604216	0.000952	0.000952
0.004760	0.312096	0.541987	0.000308	0.000952
0.004770	0.298554	0.479436	-0.000660	0.000308
0.004780	0.285334	0.490721	0.000630	0.001275
0.004790	0.272759	0.504585	0.000630	0.000952
0.004800	0.258572	0.606150	0.000952	-0.000015
0.004810	0.247287	0.493300	0.000952	0.000630
0.004820	0.234713	0.550370	0.000308	0.000630
0.004830	0.222460	0.234390	0.000952	0.000630
0.004840	0.207951	-0.015814	0.000952	0.000630
0.004850	0.196989	-0.015814	0.000308	0.000952
0.004860	0.184736	0.495235	0.000630	-0.000015
0.004870	0.169905	0.662898	0.000308	0.000630
0.004880	0.157008	0.384964	-0.000015	0.000308
0.004890	0.145400	0.393670	0.000630	0.000630
0.004900	0.131536	0.670958	0.000630	0.001275
0.004910	0.118316	0.722869	0.000630	0.000630
0.004920	0.105742	0.652257	0.000952	0.000308
0.004930	0.094779	0.571328	0.000630	0.000630
0.004940	0.081559	0.757691	0.000308	0.000630
0.004950	0.067050	0.702879	0.000952	0.000308
0.004960	0.056088	0.647099	0.000308	0.000630
0.004970	0.044480	0.742537	0.000630	0.000308
0.004980	0.029971	0.791869	0.000952	0.000308
0.004990	0.015784	0.804766	-0.000015	-0.000982
0.005000	0.003532	0.763818	-0.000660	0.000308
0.005010	-0.009365	0.718033	0.000308	0.000308
0.005020	-0.021295	0.723837	0.001275	0.000308
0.005030	-0.033225	0.756402	0.000308	0.000630
0.005040	-0.045477	0.723192	0.000952	0.000630
0.005050	-0.059342	0.689982	0.000308	0.000952
0.005060	-0.075141	0.752855	0.000952	0.000630
0.005070	-0.088038	0.808635	0.000308	0.000308
0.005080	-0.099323	0.725126	0.000308	0.000308
0.005090	-0.113187	0.795416	0.000630	0.000630
0.005100	-0.123505	0.661930	0.000308	0.000952
0.005110	-0.137369	0.765430	0.000308	0.000308
0.005120	-0.149621	0.724804	0.000308	0.000308
0.005130	-0.162519	0.709650	0.000630	0.001275
0.005140	-0.176061	0.768332	0.000308	0.000630
0.005150	-0.188635	0.768654	0.001275	0.000630
0.005160	-0.200887	0.741892	-0.000015	0.000952
0.005170	-0.212817	0.722869	0.000308	0.000952
0.005180	-0.226682	0.734477	0.000630	0.000308
0.005190	-0.237967	0.725126	-0.000015	0.000630
0.005200	-0.251509	0.697397	0.000630	0.000952
0.005210	-0.265695	0.680954	0.000308	0.000952
0.005220	-0.277948	0.679664	0.000630	0.000630
0.005230	-0.291490	0.628075	0.000308	0.000630
0.005240	-0.302452	0.572618	0.000630	0.000630
0.005250	-0.315672	0.614856	0.000630	0.000630
0.005260	-0.328891	0.671926	0.000630	0.001275
0.005270	-0.342111	0.609697	0.000308	0.000308
0.005280	-0.355330	0.529090	-0.000337	0.000952
0.005290	-0.366938	0.643552	-0.000337	0.000630
0.005300	-0.379835	0.687080	0.001275	0.000630
0.005310	-0.392732	0.598734	0.000308	0.000630
0.005320	-0.404662	0.663542	0.000308	0.000952
0.005330	-0.417559	0.716421	-0.000015	0.000308
0.005340	-0.431101	0.678697	-0.000015	0.000308
0.005350	-0.444320	0.678052	-0.000015	0.000630
0.005360	-0.456573	0.725771	-0.000015	0.000308
0.005370	-0.469470	0.719000	0.000308	-0.000015
0.005380	-0.481077	0.698687	0.000308	0.000630
0.005390	-0.494942	0.739635	0.000308	0.000630
0.005400	-0.506549	0.726738	0.000308	0.000630
0.005410	-0.520736	0.691594	0.000308	0.000630
0.005420	-0.532988	0.766397	-0.000015	0.000630
0.005430	-0.545885	0.782518	0.000630	0.000630
0.005440	-0.557815	0.765752	0.000308	0.000952
0.005450	-0.571357	0.745117	-0.000015	0.000630
0.005460	-0.584254	0.731897	0.000308	0.000630
0.005470	-0.596506	0.739635	0.000630	0.000952
0.005480	-0.609726	0.735121	-0.000015	0.000308
0.005490	-0.622623	0.723514	0.000308	0.000630
0.005500	-0.634875	0.709650	0.000630	0.000630
0.005510	-0.648095	0.733832	0.000630	0.000630
0.005520	-0.659702	0.738023	0.000630	0.000308
0.005530	-0.672922	0.736411	0.000630	0.000952
0.005540	-0.685496	0.743827	-0.000015	-0.000337
0.005550	-0.698071	0.733187	0.000630	0.000952
0.005560	-0.711291	0.755434	-0.000015	0.000952
0.005570	-0.724188	0.745439	0.000308	0.000630
0.005580	-0.736118	0.735444	0.000630	0.001275
0.005590	-0.748692	0.733187	-0.000337	0.000308
0.005600	-0.762557	0.701911	0.000630	0.000952
0.005610	-0.775776	0.708682	0.000308	0.000308
0.005620	-0.787706	0.719967	0.000630	0.000630
0.005630	-0.800925	0.713841	0.000630	0.000308
0.005640	-0.814145	0.708360	0.000952	0.000952
0.005650	-0.826397	0.720612	0.000308	0.000630
0.005660	-0.838005	0.740603	0.000952	0.000308
0.005670	-0.850257	0.719000	0.000308	0.000630
0.005680	-0.863154	0.710617	-0.000015	0.000308
0.005690	-0.877018	0.709005	-0.000015	0.001275
0.005700	-0.889271	0.699010	0.000630	0.000630
0.005710	-0.902813	0.702879	0.000630	0.000630
0.005720	-0.915065	0.700299	0.000952	0.001275
0.005730	-0.928607	0.708682	0.000630	0.000630
0.005740	-0.941504	0.711584	-0.000015	0.000630
0.005750	-0.954723	0.700299	0.000630	0.000630
0.005760	-0.966653	0.698365	-0.000015	0.000952
0.005770	-0.978261	0.692883	0.000308	0.000630
0.005780	-0.991480	0.697075	-0.000015	0.000308
0.005790	-1.004055	0.713196	0.000952	0.000308
0.005800	-1.016307	0.697397	-0.000015	0.000308
0.005810	-1.029527	0.683211	0.000308	0.000630
0.005820	-1.041456	0.696430	0.000308	0.000308
0.005830	-1.054354	0.696108	0.000630	0.000308
0.005840	-1.067251	0.693206	0.000308	0.000630
0.005850	-1.080793	0.690626	0.000630	0.000952
0.005860	-1.093690	0.701911	-0.000015	0.000952
0.005870	-1.106587	0.724159	0.000308	0.000952
0.005880	-1.118194	0.720290	-0.000015	0.000308
0.005890	-1.133026	0.706425	0.000630	0.000308
0.005900	-1.144633	0.688692	0.000630	0.000308
0.005910	-1.156885	0.675472	0.000308	0.000630
0.005920	-1.169783	0.675472	-0.000015	0.000630
0.005930	-1.183647	0.685790	0.000308	0.000630
0.005940	-1.195899	0.691271	0.000630	0.001275
0.005950	-1.208151	0.675795	0.000630	0.000952
0.005960	-1.220081	0.671281	0.000952	0.000952
0.005970	-1.232978	0.679019	0.000308	-0.000015
0.005980	-1.246843	0.680954	0.000630	0.000630
0.005990	-1.260385	0.667412	0.000630	0.000952
0.006000	-1.271347	0.664832	0.000952	0.000308
0.006010	-1.282955	0.659996	-0.000015	0.000952
0.006020	-1.297141	0.641940	0.000630	0.000630
0.006030	-1.309071	0.660318	0.000630	0.000630
0.006040	-1.322613	0.653547	0.000630	0.000952
0.006050	-1.334865	0.644842	0.000952	0.000630
0.006060	-1.347440	0.646454	0.000630	0.000952
0.006070	-1.360337	0.650000	0.000308	0.000630
0.006080	-1.374524	0.665155	0.000952	0.000630
0.006090	-1.386776	0.659028	0.000308	0.000630
0.006100	-1.399029	0.659351	0.000952	0.000308
0.006110	-1.410313	0.664510	0.000630	-0.000015
0.006120	-1.424178	0.640972	0.000630	-0.000015
0.006130	-1.437075	0.652902	0.000630	0.000308
0.006140	-1.449005	0.647743	-0.000015	0.000308
0.006150	-1.461902	0.643874	0.000952	0.000952
0.006160	-1.475444	0.639683	0.001275	0.000630
0.006170	-1.487374	0.609374	-0.000015	0.000630
0.006180	-1.501560	0.598412	0.000308	0.000630
0.006190	-1.514780	0.612599	0.000308	0.000308
0.006200	-1.526065	0.618080	0.000630	0.000952
0.006210	-1.538317	0.630977	-0.000015	0.000630
0.006220	-1.549602	0.631300	0.000952	0.001275
0.006230	-1.563466	0.622594	0.000308	0.000308
0.006240	-1.577331	0.646454	-0.000015	0.000308
0.006250	-1.589261	0.643552	0.000952	0.000308
0.006260	-1.601835	0.628720	0.000308	0.000630
0.006270	-1.614088	0.620337	0.000630	0.000630
0.006280	-1.627952	0.612921	0.000630	0.000630
0.006290	-1.639882	0.604538	-0.000015	0.000308
0.006300	-1.652134	0.591963	-0.000015	0.000630
0.006310	-1.665998	0.587449	0.000308	0.000630
0.006320	-1.677928	0.621627	0.000630	0.000952
0.006330	-1.690825	0.588094	0.000630	0.000952
0.006340	-1.702755	0.581646	-0.000015	0.000630
0.006350	-1.717264	0.575842	0.000630	0.000308
0.006360	-1.727904	0.586160	0.000308	0.000308
0.006370	-1.743059	0.584547	0.000952	0.000630
0.006380	-1.754988	0.574552	0.000308	0.000308
0.006390	-1.766273	0.567781	-0.000337	0.000630
0.006400	-1.779493	0.556496	0.000630	0.000952
0.006410	-1.791745	0.551982	0.000952	0.000952
0.006420	-1.805287	0.540697	0.000630	0.000630
0.006430	-1.816572	0.558108	0.000630	0.000952
0.006440	-1.831404	0.581323	0.000308	0.000630
0.006450	-1.843656	0.565524	0.000952	-0.000015
0.006460	-1.855586	0.565202	0.000308	0.000630
0.006470	-1.867838	0.555206	-0.000015	0.000630
0.006480	-1.880735	0.540697	0.000630	0.000308
0.006490	-1.893954	0.548758	-0.000337	0.000630
0.006500	-1.906529	0.531024	0.000308	0.000630
0.006510	-1.919426	0.532636	0.000630	0.000630
0.006520	-1.931356	0.538440	0.000630	0.000952
0.006530	-1.942963	0.516837	0.000630	0.000952
0.006540	-1.955861	0.519094	0.000630	0.000308
0.006550	-1.969080	0.513291	-0.000015	0.000630
0.006560	-1.982944	0.502973	0.000952	0.000630
0.006570	-1.994229	0.496524	0.000308	0.000308
0.006580	-2.007126	0.526188	0.000630	0.000630
0.006590	-2.019701	0.503295	0.000952	0.000630
0.006600	-2.031631	0.484595	0.000630	0.000952
0.006610	-2.046140	0.475567	-0.000015	0.000308
0.006620	-2.057103	0.472665	0.000952	0.000952
0.006630	-2.070967	0.478146	0.000308	0.000308
0.006640	-2.084187	0.482015	0.000952	0.000308
0.006650	-2.096439	0.477179	0.000308	0.000630
0.006660	-2.108369	0.473632	0.000308	0.000630
0.006670	-2.121266	0.466861	0.000308	0.000308
0.006680	-2.133518	0.477179	-0.000015	0.000630
0.006690	-2.146737	0.454931	0.000308	0.000630
0.006700	-2.159635	0.456543	0.000308	0.000952
0.006710	-2.172209	0.458156	0.000952	0.000952
0.006720	-2.184784	0.473632	0.000630	0.000952
0.006730	-2.197359	0.474599	0.000308	-0.000015
0.006740	-2.210256	0.470085	-0.000015	0.000630
0.006750	-2.223475	0.471698	-0.000015	0.000630
0.006760	-2.234760	0.453642	0.000630	0.000308
0.006770	-2.247980	0.472665	0.000952	0.000952
0.006780	-2.260232	0.482015	0.000630	0.000308
0.006790	-2.273774	0.461702	0.000308	0.000630
0.006800	-2.286671	0.450417	0.000308	0.000630
0.006810	-2.297956	0.453319	0.000308	-0.000015
0.006820	-2.310531	0.449450	0.000308	0.000630
0.006830	-2.323428	0.451707	0.000308	0.000952
0.006840	-2.335680	0.434941	0.000308	0.000952
0.006850	-2.348577	0.438810	-0.000660	-0.000015
0.006860	-2.361474	0.453319	-0.000015	-0.000337
0.006870	-2.373404	0.439455	-0.000337	0.000308
0.006880	-2.387268	0.440100	0.000308	0.000630
0.006890	-2.399520	0.438810	0.000630	0.000630
0.006900	-2.412418	0.442034	-0.000015	0.000952
0.006910	-2.425315	0.434941	0.000630	0.000630
0.006920	-2.438212	0.417207	0.000630	0.000630
0.006930	-2.449497	0.409469	0.000630	0.001275
0.006940	-2.462394	0.403020	0.000630	0.000630
0.006950	-2.474968	0.402698	0.000630	0.000952
0.006960	-2.487543	0.407534	0.000630	0.000308
0.006970	-2.501407	0.405277	-0.000015	0.001275
0.006980	-2.511403	0.398184	0.000308	-0.000015
0.006990	-2.525589	0.384642	0.000308	0.000630
0.007000	-2.537519	0.392703	0.000308	0.000308
0.007010	-2.551061	0.404955	0.000952	0.000630
0.007020	-2.563958	0.390446	0.000630	0.000630
0.007030	-2.576211	0.378193	0.000308	0.000630
0.007040	-2.588785	0.375936	-0.000337	0.000952
0.007050	-2.602005	0.374002	-0.000337	0.000952
0.007060	-2.614257	0.378838	-0.000015	0.000630
0.007070	-2.625864	0.379805	0.000630	0.000952
0.007080	-2.639729	0.370455	-0.000015	0.000308
0.007090	-2.652626	0.359492	0.000308	0.000952
0.007100	-2.665200	0.357880	0.000630	0.000630
0.007110	-2.678098	0.348207	0.000308	-0.000015
0.007120	-2.689705	0.347240	-0.000015	-0.000015
0.007130	-2.702602	0.337890	-0.000015	0.000630
0.007140	-2.715499	0.334343	0.000308	0.000308
0.007150	-2.727107	0.336600	0.000308	0.000630
0.007160	-2.740648	0.325960	0.000630	0.000308
0.007170	-2.753546	0.324993	-0.000015	0.000308
0.007180	-2.765798	0.324348	0.001275	0.000630
0.007190	-2.777405	0.324993	0.000308	0.000952
0.007200	-2.790302	0.325960	0.000952	0.000630
0.007210	-2.803522	0.315642	-0.000015	0.000308
0.007220	-2.816419	0.319511	0.000308	0.000630
0.007230	-2.828349	0.318222	0.000308	0.000630
0.007240	-2.841246	0.308871	0.000308	-0.000015
0.007250	-2.854143	0.302745	-0.000337	0.000308
0.007260	-2.865428	0.296297	0.000630	0.000952
0.007270	-2.879292	0.284367	0.000308	0.000952
0.007280	-2.891222	0.280175	-0.000015	0.000630
0.007290	-2.903797	0.278563	0.000308	0.000308
0.007300	-2.915726	0.277918	0.000308	0.000630
0.007310	-2.928946	0.270502	0.000630	0.000630
0.007320	-2.941521	0.269213	0.000630	0.000308
0.007330	-2.953450	0.261474	-0.000015	0.000952
0.007340	-2.966992	0.255993	0.000308	0.000630
0.007350	-2.979567	0.255671	0.000308	0.000630
0.007360	-2.991174	0.249867	0.000308	0.000630
0.007370	-3.004716	0.248900	0.000308	0.000630
0.007380	-3.017291	0.242451	0.000308	-0.000015
0.007390	-3.028254	0.240839	-0.000015	0.000308
0.007400	-3.042440	0.236002	0.000952	0.000630
0.007410	-3.054370	0.230199	0.000952	-0.000015
0.007420	-3.064688	0.229231	0.000308	0.000308
0.007430	-3.077263	0.228264	0.000308	-0.000015
0.007440	-3.089837	0.217302	0.000630	0.000952
0.007450	-3.101122	0.214722	-0.000015	0.000952
0.007460	-3.022127	0.221816	-0.000015	0.000308
0.007470	-3.008908	0.208596	0.000630	0.000630
0.007480	-2.995366	0.203437	0.000308	0.000952
0.007490	-2.981824	0.199246	0.000630	0.000308
0.007500	-2.969249	0.194409	0.000630	0.000952
0.007510	-2.956352	0.191830	-0.000015	0.000630
0.007520	-2.944100	0.196021	0.001275	0.000630
0.007530	-2.930236	0.187316	0.000308	0.000630
0.007540	-2.918951	0.183447	-0.000337	0.000308
0.007550	-2.906054	0.176031	0.000630	0.000308
0.007560	-2.894124	0.170227	0.000630	0.000630
0.007570	-2.879615	0.169260	0.000308	0.000308
0.007580	-2.866718	0.165068	0.000630	0.000308
0.007590	-2.854465	0.159265	0.000630	0.000630
0.007600	-2.842213	0.157975	-0.000015	0.000630
0.007610	-2.830283	0.155718	0.000630	0.000630
0.007620	-2.817064	0.152171	0.000630	0.000308
0.007630	-2.803199	0.148947	0.000308	0.000308
0.007640	-2.791914	0.144755	0.000952	0.000952
0.007650	-2.779340	0.137984	0.000308	0.000952
0.007660	-2.765153	0.133793	-0.000015	0.000630
0.007670	-2.752578	0.130246	0.000630	0.000308
0.007680	-2.742261	0.125732	0.000308	0.000952
0.007690	-2.727751	0.123798	0.000308	0.000952
0.007700	-2.714854	0.117027	-0.000015	0.000308
0.007710	-2.702924	0.111223	0.000630	0.001597
0.007720	-2.690027	0.107676	-0.000015	-0.000015
0.007730	-2.677453	0.104129	0.000952	0.000630
0.007740	-2.664878	0.098003	-0.000015	0.000630
0.007750	-2.652948	0.092200	0.000952	0.000952
0.007760	-2.639406	0.088008	0.000630	0.000630
0.007770	-2.626509	0.085106	0.000630	0.000630
0.007780	-2.614579	0.082849	0.000952	0.001275
0.007790	-2.602650	0.078658	-0.000015	0.001275
0.007800	-2.588140	0.075111	0.000308	0.000630
0.007810	-2.577178	0.069307	0.000952	0.000308
0.007820	-2.564603	0.064148	0.000308	0.000952
0.007830	-2.552351	0.059634	0.000630	0.000952
0.007840	-2.540421	0.054153	0.000952	0.001275
0.007850	-2.527202	0.049639	-0.000015	0.000630
0.007860	-2.513982	0.046415	0.000630	0.000630
0.007870	-2.501730	0.042223	0.000630	0.000630
0.007880	-2.491412	0.038676	0.000630	0.000630
0.007890	-2.475936	0.035452	0.001275	0.000952
0.007900	-2.463361	0.031261	-0.000015	0.000952
0.007910	-2.451431	0.028036	0.000308	0.000308
0.007920	-2.439501	0.024812	0.000630	0.000308
0.007930	-2.425959	0.021910	0.000630	0.000630
0.007940	-2.412740	0.018686	0.000630	0.000630
0.007950	-2.401455	0.015462	0.000952	-0.000015
0.007960	-2.388880	0.011593	0.000630	0.000630
0.007970	-2.375983	0.008368	0.000308	0.000952
0.007980	-2.363409	0.004499	0.000630	0.000630
0.007990	-2.351156	0.001597	0.000308	0.000952
0.008000	-2.339549	-0.002594	-0.000015	0.000952
0.008010	-2.326652	-0.006141	0.000952	0.000952
0.008020	-2.313110	-0.009043	0.000630	0.000630
0.008030	-2.300858	-0.013234	-0.000015	0.000308
0.008040	-2.288928	-0.017104	0.000952	0.000630
0.008050	-2.275386	-0.020005	0.000308	-0.000337
0.008060	-2.262166	-0.023552	0.000308	-0.000015
0.008070	-2.250559	-0.027744	0.000952	0.000952
0.008080	-2.237984	-0.030646	0.001275	-0.000337
0.008090	-2.226699	-0.034515	-0.000015	0.000952
0.008100	-2.212835	-0.038706	0.000630	0.000630
0.008110	-2.201550	-0.042898	-0.000015	0.000308
0.008120	-2.187363	-0.048057	-0.000015	0.000952
0.008130	-2.176078	-0.051603	-0.000015	0.000308
0.008140	-2.162536	-0.055795	0.000308	0.000308
0.008150	-2.150607	-0.059342	-0.000015	0.000308
0.008160	-2.139967	-0.064178	0.000952	0.000630
0.008170	-2.126102	-0.069014	0.000308	0.000308
0.008180	-2.112238	-0.072884	0.000630	0.000308
0.008190	-2.101275	-0.076753	0.000630	0.000952
0.008200	-2.088056	-0.079977	0.000630	0.000630
0.008210	-2.076126	-0.084813	-0.000015	0.000952
0.008220	-2.063874	-0.088360	0.000308	0.000308
0.008230	-2.050654	-0.092874	0.000308	-0.000337
0.008240	-2.038724	-0.096743	0.000630	0.000630
0.008250	-2.025505	-0.099968	0.000952	0.000630
0.008260	-2.013253	-0.104482	0.000630	0.000308
0.008270	-2.000678	-0.108673	-0.000015	0.000630
0.008280	-1.988748	-0.111575	0.000308	0.000308
0.008290	-1.975529	-0.115444	-0.000015	0.000308
0.008300	-1.964244	-0.119313	-0.000015	0.000630
0.008310	-1.951347	-0.121248	0.000630	0.000630
0.008320	-1.939739	-0.123827	0.000952	0.000952
0.008330	-1.926197	-0.127051	0.000630	0.000308
0.008340	-1.913945	-0.127696	0.000630	0.000308
0.008350	-1.901370	-0.131243	0.000952	0.000952
0.008360	-1.889441	-0.133822	0.000952	0.000630
0.008370	-1.876221	-0.132210	0.000308	0.000952
0.008380	-1.863969	-0.140593	0.000308	0.000952
0.008390	-1.850749	-0.141561	0.000630	0.000308
0.008400	-1.838497	-0.144140	0.000308	0.000630
0.008410	-1.826567	-0.145752	0.000308	0.000308
0.008420	-1.813670	-0.147042	0.000308	0.000308
0.008430	-1.801095	-0.148654	0.000308	0.000630
0.008440	-1.789166	-0.149621	-0.000015	-0.000015
0.008450	-1.776913	-0.150911	0.000308	0.000308
0.008460	-1.765951	-0.150266	0.000630	0.000308
0.008470	-1.752086	-0.151234	0.000630	0.000952
0.008480	-1.739189	-0.150911	-0.000015	0.000952
0.008490	-1.726292	-0.149944	0.000630	0.000952
0.008500	-1.714362	-0.149621	0.000630	-0.000337
0.008510	-1.702110	-0.148332	0.000630	0.000630
0.008520	-1.690180	-0.148009	0.000308	0.000630
0.008530	-1.678251	-0.146397	0.000630	0.000952
0.008540	-1.665676	-0.143173	0.000308	0.000630
0.008550	-1.652134	-0.142850	0.000308	0.000308
0.008560	-1.639882	-0.142206	0.000308	0.000952
0.008570	-1.627630	-0.142528	0.000630	0.000308
0.008580	-1.615700	-0.143818	-0.000015	0.000952
0.008590	-1.602480	-0.145752	0.000630	0.000630
0.008600	-1.591518	-0.148654	-0.000337	0.000952
0.008610	-1.578621	-0.150911	0.000630	0.000630
0.008620	-1.565079	-0.155425	-0.000015	0.000308
0.008630	-1.553471	-0.158005	0.000308	0.000630
0.008640	-1.540252	-0.162196	0.000308	0.000952
0.008650	-1.528322	-0.166065	0.000630	0.000630
0.008660	-1.515425	-0.170579	0.000308	0.000630
0.008670	-1.502205	-0.176383	0.000308	0.000952
0.008680	-1.490920	-0.183154	0.000630	0.000952
0.008690	-1.478023	-0.189602	0.000308	0.000630
0.008700	-1.466416	-0.194116	0.000630	0.000952
0.008710	-1.454808	-0.199920	0.000308	0.000630
0.008720	-1.441266	-0.204757	0.000630	0.000630
0.008730	-1.428047	-0.210560	0.000308	0.000308
0.008740	-1.416762	-0.215719	-0.000015	0.000630
0.008750	-1.403865	-0.220878	0.000630	0.000630
0.008760	-1.390968	-0.226037	0.000630	0.001275
0.008770	-1.379683	-0.230873	-0.000015	-0.000015
0.008780	-1.368075	-0.235710	0.000308	0.001275
0.008790	-1.354534	-0.241191	0.000952	0.000952
0.008800	-1.342604	-0.244738	0.000630	0.000630
0.008810	-1.330996	-0.249252	-0.000015	0.000952
0.008820	-1.318099	-0.253121	0.000308	0.000308
0.008830	-1.304880	-0.256345	0.000308	0.000308
0.008840	-1.293272	-0.260537	0.000308	0.001275
0.008850	-1.279408	-0.264083	-0.000015	0.000952
0.008860	-1.267801	-0.271822	-0.000015	0.000308
0.008870	-1.256193	-0.275368	0.000630	0.001275
0.008880	-1.242974	-0.273756	-0.000015	-0.000015
0.008890	-1.230077	-0.276013	-0.000015	0.000308
0.008900	-1.217824	-0.279560	0.000630	0.000630
0.008910	-1.204927	-0.286653	0.000308	-0.000337
0.008920	-1.193965	-0.290200	-0.000015	0.000308
0.008930	-1.181068	-0.296971	0.000308	0.000630
0.008940	-1.168815	-0.306321	0.000630	0.001275
0.008950	-1.156563	-0.312448	-0.000015	0.000630
0.008960	-1.143021	-0.319863	0.000308	0.000630
0.008970	-1.131414	-0.326634	0.000308	0.000630
0.008980	-1.119484	-0.327602	0.000308	0.001275
0.008990	-1.106264	-0.335985	-0.000015	0.000630
0.009000	-1.094657	-0.342111	0.000308	0.000308
0.009010	-1.081437	-0.346947	-0.000015	0.000630
0.009020	-1.069185	-0.352429	0.000630	0.000630
0.009030	-1.057255	-0.355008	-0.000015	0.000630
0.009040	-1.044036	-0.357265	0.000308	0.001275
0.009050	-1.032751	-0.362746	0.000308	0.000952
0.009060	-1.018564	-0.365003	0.000630	0.000630
0.009070	-1.006957	-0.368872	0.000308	0.000952
0.009080	-0.996639	-0.371774	0.000630	0.000630
0.009090	-0.982452	-0.375643	0.000308	-0.000015
0.009100	-0.967943	-0.378868	0.000308	0.000308
0.009110	-0.958270	-0.381125	-0.000015	0.000630
0.009120	-0.945695	-0.382414	0.000308	0.000630
0.009130	-0.932476	-0.382414	0.000630	0.000630
0.009140	-0.920546	-0.380157	0.000630	-0.000015
0.009150	-0.907649	-0.380157	0.000952	0.000630
0.009160	-0.897009	-0.381125	-0.000015	0.000630
0.009170	-0.884112	-0.382414	-0.000015	0.000630
0.009180	-0.871860	-0.383382	0.000630	0.000952
0.009190	-0.858640	-0.383704	-0.000015	0.000630
0.009200	-0.846710	-0.388863	0.000308	0.000308
0.009210	-0.834136	-0.390153	-0.000015	0.000308
0.009220	-0.822528	-0.392410	0.000308	0.000630
0.009230	-0.809631	-0.396279	0.000630	0.000952
0.009240	-0.796734	-0.399503	0.000308	0.001275
0.009250	-0.785771	-0.401438	0.000630	0.000630
0.009260	-0.771907	-0.404662	0.000630	0.000308
0.009270	-0.759010	-0.408531	0.000308	0.000630
0.009280	-0.747080	-0.411755	0.000308	0.000630
0.009290	-0.735150	-0.415624	0.000630	-0.000015
0.009300	-0.721931	-0.420138	0.000308	0.000952
0.009310	-0.710323	-0.424975	0.000952	-0.000015
0.009320	-0.698071	-0.402727	0.000630	0.000308
0.009330	-0.686141	-0.452381	0.000308	0.000952
0.009340	-0.672277	-0.459797	0.000952	0.000308
0.009350	-0.661314	-0.447222	-0.000015	-0.000015
0.009360	-0.647772	-0.475274	0.000952	0.000308
0.009370	-0.633908	-0.419494	0.000630	-0.000015
0.009380	-0.624558	-0.408209	0.000630	0.000308
0.009390	-0.611660	-0.413367	0.000630	0.000630
0.009400	-0.598763	-0.430456	-0.000015	-0.000015
0.009410	-0.585866	-0.486559	0.000308	0.000308
0.009420	-0.574259	-0.566521	-0.000015	0.000630
0.009430	-0.560072	-0.452704	0.000308	0.000630
0.009440	-0.549432	-0.505904	0.000630	0.000308
0.009450	-0.536857	-0.482367	0.000308	0.000630
0.009460	-0.524283	-0.470437	0.000952	-0.000015
0.009470	-0.512998	-0.493329	0.000630	0.000630
0.009480	-0.498811	-0.521703	0.000952	-0.000015
0.009490	-0.488171	-0.423363	-0.000015	0.000630
0.009500	-0.474951	-0.530731	0.000308	0.001920
0.009510	-0.461409	-0.520413	0.000308	0.000630
0.009520	-0.450447	-0.545563	-0.000015	0.000308
0.009530	-0.437872	-0.495586	0.000308	0.000630
0.009540	-0.425620	-0.476886	0.000308	0.000308
0.009550	-0.414980	-0.450769	0.000952	0.000308
0.009560	-0.402082	-0.436905	0.000308	0.001275
0.009570	-0.389508	-0.435293	0.000308	-0.000015
0.009580	-0.377256	-0.453671	0.000630	0.000952
0.009590	-0.364036	-0.489460	0.000308	0.000630
0.009600	-0.353396	-0.518156	-0.000015	-0.000015
0.009610	-0.339531	-0.542661	0.000308	0.000952
0.009620	-0.325989	-0.556203	-0.000337	0.001275
0.009630	-0.315027	-0.516222	-0.000015	0.000308
0.009640	-0.302775	-0.206369	0.000630	0.000308
0.009650	-0.291490	0.010625	0.000308	0.000630
0.009660	-0.278270	0.005144	-0.000015	0.000630
0.009670	-0.265373	-0.088038	0.000308	0.000952
0.009680	-0.253766	-0.545240	0.000630	0.000308
0.009690	-0.242158	-0.535245	0.000630	0.000630
0.009700	-0.228294	-0.346947	0.000630	0.000630
0.009710	-0.215397	-0.374676	0.000952	-0.000015
0.009720	-0.202822	-0.544918	0.000630	-0.000015
0.009730	-0.190892	-0.538469	0.000308	0.000952
0.009740	-0.178962	-0.544918	0.000308	-0.000015
0.009750	-0.167033	-0.544273	0.000630	0.000630
0.009760	-0.154458	-0.695492	0.000630	0.000952
0.009770	-0.141561	-0.668085	0.000308	0.000308
0.009780	-0.127051	-0.523960	-0.000015	-0.000015
0.009790	-0.116411	-0.663571	-0.000337	0.000952
0.009800	-0.104159	-0.713225	0.000630	-0.000015
0.009810	-0.093841	-0.697104	0.000630	0.000630
0.009820	-0.079977	-0.597151	-0.000015	0.000630
0.009830	-0.067402	-0.604889	-0.000015	0.000308
0.009840	-0.058374	-0.638100	0.000308	0.000308
0.009850	-0.045477	-0.692590	0.000308	0.000952
0.009860	-0.031290	-0.657768	0.000308	0.000952
0.009870	-0.018716	-0.705809	0.000952	0.000952
0.009880	-0.005819	-0.699038	0.000308	0.001275
0.009890	0.006756	-0.629716	0.000308	0.000630
0.009900	0.018364	-0.510418	0.001275	-0.000015
0.009910	0.031583	-0.493329	-0.000337	0.000630
0.009920	0.044480	-0.612628	0.000630	0.000630
0.009930	0.056732	-0.524283	-0.000337	0.000308
0.009940	0.067373	-0.600698	-0.000015	0.000630
0.009950	0.079302	-0.563941	-0.000015	0.000308
0.009960	0.092844	-0.713870	-0.000337	0.000952
0.009970	0.105097	-0.722576	-0.000015	0.000630
0.009980	0.116704	-0.698071	0.000630	0.000630
0.009990	0.128956	-0.697104	0.000308	0.000952
0.010000	0.141531	-0.724510	0.000308	0.000308
0.010010	0.154751	-0.732248	-0.000015	0.000630
0.010020	0.167970	-0.713225	0.000308	0.000308
0.010030	0.179255	-0.694847	0.000308	0.000308
0.010040	0.192475	-0.732571	-0.000015	0.000952
0.010050	0.208274	-0.719996	-0.000015	0.000308
0.010060	0.216657	-0.636487	0.000308	-0.000015
0.010070	0.228909	-0.665506	0.000630	0.000308
0.010080	0.240839	-0.730959	0.000308	0.000630
0.010090	0.253414	-0.693557	-0.000015	-0.000015
0.010100	0.265988	-0.716772	0.000308	0.000308
0.010110	0.277273	-0.724188	0.000308	-0.000015
0.010120	0.290493	-0.727734	0.000308	0.000308
0.010130	0.302745	-0.735150	-0.000015	0.000630
0.010140	0.314997	-0.712903	0.000308	0.000308
0.010150	0.325960	-0.722576	0.000308	0.000630
0.010160	0.340469	-0.725800	-0.000015	0.000630
0.010170	0.352721	-0.747403	-0.000015	0.000630
0.010180	0.364974	-0.673889	0.000952	0.000308
0.010190	0.377548	-0.654866	0.000308	0.000308
0.010200	0.390446	-0.721608	-0.000015	0.000308
0.010210	0.401086	-0.691623	-0.000015	0.000308
0.010220	0.413016	-0.635198	0.000308	0.000630
0.010230	0.426558	-0.672922	-0.000015	-0.000015
0.010240	0.438165	-0.685174	-0.000015	0.000630
0.010250	0.451707	-0.656478	0.000308	0.000630
0.010260	0.464604	-0.686786	0.000308	-0.000015
0.010270	0.474922	-0.757720	0.000952	0.000630
0.010280	0.487174	-0.725155	0.000308	0.000952
0.010290	0.505230	-0.460119	0.000630	-0.000015
0.010300	0.515548	-0.528152	-0.000015	-0.000015
0.010310	0.526510	-0.755786	0.000308	0.001275
0.010320	0.538118	-0.763524	0.000952	0.000308
0.010330	0.550370	-0.458185	0.000952	0.000308
0.010340	0.560688	-0.426265	-0.000337	0.000308
0.010350	0.575519	-0.670020	0.000630	0.000630
0.010360	0.587772	-0.705809	-0.000015	0.000630
0.010370	0.601959	-0.693557	0.000308	0.000630
0.010380	0.613566	-0.723220	0.000630	-0.000015
0.010390	0.624206	-0.742244	0.000308	0.000952
0.010400	0.637103	-0.708711	-0.000015	0.000952
0.010410	0.647421	-0.710646	0.000952	-0.000015
0.010420	0.661285	-0.732571	-0.000337	0.000952
0.010430	0.674183	-0.738052	-0.000015	-0.000015
0.010440	0.686435	-0.733538	0.000952	0.000952
0.010450	0.698042	-0.728702	-0.000015	-0.000015
0.010460	0.710295	-0.738697	-0.000660	0.000630
0.010470	0.724159	-0.729991	0.000308	0.000308
0.010480	0.735121	-0.731604	0.000308	0.000630
0.010490	0.748663	-0.747403	0.000308	-0.000015
0.010500	0.759626	-0.745468	0.000630	0.000308
0.010510	0.772846	-0.733538	-0.000015	0.000630
0.010520	0.785743	-0.734183	0.000952	-0.000015
0.010530	0.797350	-0.741921	-0.000015	0.000630
0.010540	0.809925	-0.736118	-0.000015	0.000308
0.010550	0.819920	-0.739342	0.000952	-0.000015
0.010560	0.834752	-0.735473	0.000630	0.000630
0.010570	0.847004	-0.722898	-0.000015	0.000630
0.010580	0.858289	-0.728702	-0.000337	0.000630
0.010590	0.870541	-0.730959	0.000308	0.000630
0.010600	0.884083	-0.719029	0.000630	-0.000337
0.010610	0.895691	-0.719029	0.000630	0.000308
0.010620	0.908266	-0.700651	0.000308	0.000952
0.010630	0.921163	-0.718384	0.000630	0.000952
0.010640	0.933737	-0.715482	0.000630	0.000952
0.010650	0.944700	-0.715805	0.000952	0.000308
0.010660	0.957920	-0.709034	0.000952	0.000630
0.010670	0.970817	-0.715160	0.000630	-0.000015
0.010680	0.980812	-0.730959	-0.000015	0.000308
0.010690	0.994354	-0.720963	0.000308	0.000308
0.010700	1.008863	-0.773519	0.000308	0.000308
0.010710	1.018859	-0.743856	-0.000015	-0.000015
0.010720	1.032078	-0.726767	-0.000015	0.000952
0.010730	1.044008	-0.721608	0.000952	0.001275
0.010740	1.056583	-0.723865	0.000308	0.000630
0.010750	1.069802	-0.731926	0.000308	0.000308
0.010760	1.082055	-0.727412	0.000952	0.000630
0.010770	1.093017	-0.719996	0.000308	0.000630
0.010780	1.105914	-0.717094	-0.000015	0.000630
0.010790	1.118812	-0.721286	0.000308	0.000630
0.010800	1.131386	-0.721286	0.000308	-0.000015
0.010810	1.142671	-0.727412	0.000308	0.000308
0.010820	1.154279	-0.720319	0.000308	0.000952
0.010830	1.166209	-0.709034	-0.000015	0.000630
0.010840	1.179106	-0.720641	0.000630	0.000308
0.010850	1.191680	-0.701618	0.000308	-0.000015
0.010860	1.204255	-0.703552	0.000630	0.000308
0.010870	1.216830	-0.680338	0.000308	0.000630
0.010880	1.227793	-0.671632	0.000308	-0.000015
0.010890	1.240690	-0.687753	-0.000015	-0.000015
0.010900	1.252942	-0.674856	0.000630	0.000308
0.010910	1.266162	-0.682595	0.000630	0.001275
0.010920	1.279059	-0.712903	0.000630	0.000952
0.010930	1.290666	-0.700651	-0.000015	0.000630
0.010940	1.303886	-0.688076	0.000630	0.000308
0.010950	1.315493	-0.665183	0.000952	-0.000015
0.010960	1.328713	-0.657768	0.000308	0.000952
0.010970	1.339998	-0.649385	0.000308	0.000308
0.010980	1.352250	-0.659702	-0.000015	-0.000015
0.010990	1.365470	-0.652931	0.000630	0.000630
0.011000	1.375143	-0.666151	-0.000337	0.000952
0.011010	1.388685	-0.663249	0.000630	0.000308
0.011020	1.401259	-0.672599	-0.000337	-0.000015
0.011030	1.414156	-0.657123	0.000308	0.000308
0.011040	1.425764	-0.666151	0.000630	0.000630
0.011050	1.439628	-0.652609	-0.000015	0.000308
0.011060	1.450268	-0.625847	0.000308	0.000630
0.011070	1.463488	-0.629072	0.000952	0.000308
0.011080	1.475096	-0.633586	0.000630	-0.000015
0.011090	1.487670	-0.643903	0.000308	-0.000015
0.011100	1.500567	-0.628427	0.000952	0.000630
0.011110	1.513142	-0.636165	-0.000337	0.000308
0.011120	1.525394	-0.617142	0.000630	0.000308
0.011130	1.537324	-0.629394	0.000630	0.000630
0.011140	1.549254	-0.600053	-0.000015	0.000308
0.011150	1.562151	-0.590380	0.000630	0.000308
0.011160	1.574726	-0.575549	0.000630	0.000630
0.011170	1.587301	-0.580707	0.000630	-0.000015
0.011180	1.597619	-0.601988	0.000630	0.000308
0.011190	1.611483	-0.593605	0.000308	0.001275
0.011200	1.622446	-0.602310	0.000308	0.000308
0.011210	1.635665	-0.580707	0.000308	0.000630
0.011220	1.647918	-0.581997	-0.000015	-0.000337
0.011230	1.659203	-0.590058	0.000308	0.000308
0.011240	1.672100	-0.570712	0.000630	0.000630
0.011250	1.685319	-0.567488	-0.000015	0.000308
0.011260	1.697572	-0.550077	-0.000015	0.000308
0.011270	1.709502	-0.543628	0.000630	0.000952
0.011280	1.721754	-0.545885	-0.000015	-0.000015
0.011290	1.734973	-0.536857	0.000630	0.000630
0.011300	1.746581	-0.537180	0.000630	0.000952
0.011310	1.758833	-0.531376	-0.000015	0.000952
0.011320	1.771408	-0.531054	0.000308	0.000630
0.011330	1.783983	-0.530086	0.000630	0.000308
0.011340	1.795268	-0.537502	-0.000015	0.000630
0.011350	1.809132	-0.515899	-0.000015	0.000308
0.011360	1.821062	-0.511385	0.000630	0.000952
0.011370	1.832670	-0.509128	0.000308	-0.000337
0.011380	1.844922	-0.511063	0.000308	0.000630
0.011390	1.857174	-0.521058	0.000952	0.000308
0.011400	1.870071	-0.536535	0.000952	0.000630
0.011410	1.881356	-0.523638	-0.000015	0.000630
0.011420	1.893931	-0.546853	0.000308	0.000630
0.011430	1.907151	-0.524605	-0.000015	-0.000015
0.011440	1.919081	-0.496876	-0.000015	0.001275
0.011450	1.930688	-0.488493	0.000308	0.000308
0.011460	1.944230	-0.512353	-0.000015	-0.000015
0.011470	1.956482	-0.493974	0.000952	0.000630
0.011480	1.968090	-0.485914	0.000952	0.000308
0.011490	1.980987	-0.486881	0.000308	-0.000015
0.011500	1.991627	-0.474306	-0.000015	0.000308
0.011510	2.004524	-0.467213	-0.000015	0.000952
0.011520	2.017099	-0.472694	0.000630	0.000630
0.011530	2.029996	-0.463344	-0.000015	0.000630
0.011540	2.041926	-0.473339	-0.000337	0.000630
0.011550	2.054501	-0.474306	0.000630	0.000308
0.011560	2.068043	-0.498488	-0.000015	-0.000015
0.011570	2.078038	-0.478175	-0.000015	0.000630
0.011580	2.093193	-0.474306	0.000308	0.000630
0.011590	2.104155	-0.482689	0.000308	0.000630
0.011600	2.116730	-0.481400	0.000308	0.000952
0.011610	2.126725	-0.460764	0.000308	0.000308
0.011620	2.139945	-0.463989	0.000308	0.000952
0.011630	2.152842	-0.447867	0.000308	-0.000015
0.011640	2.165739	-0.446255	0.000308	-0.000015
0.011650	2.177347	-0.455283	0.000630	0.000630
0.011660	2.189922	-0.448834	-0.000015	-0.000015
0.011670	2.201529	-0.431101	0.000630	0.000308
0.011680	2.214749	-0.431423	0.000308	0.001275
0.011690	2.227646	-0.437872	-0.000337	-0.000015
0.011700	2.240221	-0.435293	0.000630	-0.000337
0.011710	2.251183	-0.436260	-0.000337	0.000308
0.011720	2.263758	-0.423363	0.000630	0.000952
0.011730	2.277945	-0.427877	-0.000015	0.000308
0.011740	2.289230	-0.426909	0.000308	-0.000015
0.011750	2.299870	-0.425620	-0.000015	0.000308
0.011760	2.314057	-0.420783	0.000630	0.001275
0.011770	2.325665	-0.417237	-0.000015	0.000952
0.011780	2.337272	-0.424975	-0.000015	-0.000015
0.011790	2.351136	-0.418204	-0.000015	0.000308
0.011800	2.363389	-0.413690	-0.000015	0.000308
0.011810	2.375641	-0.412078	-0.000015	0.000308
0.011820	2.386281	-0.412400	-0.000337	0.000952
0.011830	2.400468	-0.413690	0.000630	-0.000015
0.011840	2.411753	-0.417237	-0.000015	0.000952
0.011850	2.424006	-0.421751	0.000630	0.001275
0.011860	2.436580	-0.410788	-0.000015	-0.000015
0.011870	2.449800	-0.402727	-0.000015	0.000308
0.011880	2.459473	-0.405952	0.000630	0.000630
0.011890	2.473982	-0.377256	0.000308	-0.000015
0.011900	2.485912	-0.367583	-0.000015	0.001275
0.011910	2.497842	-0.362746	0.000308	0.000308
0.011920	2.510094	-0.362424	0.000630	0.000630
0.011930	2.523314	-0.349204	0.000630	0.000308
0.011940	2.533954	-0.343401	0.000308	0.000952
0.011950	2.548464	-0.345980	0.000308	0.000952
0.011960	2.559749	-0.345335	0.000308	-0.000015
0.011970	2.572968	-0.347592	-0.000015	-0.000337
0.011980	2.583286	-0.335340	0.000308	0.000630
0.011990	2.597473	-0.324700	0.000308	0.000308
0.012000	2.610048	-0.321475	0.000308	0.000630
0.012010	2.620366	-0.319541	-0.000015	0.000630
0.012020	2.633585	-0.323410	0.000308	0.000308
0.012030	2.645515	-0.323088	-0.000337	0.000308
0.012040	2.657123	-0.323088	0.000630	0.000952
0.012050	2.670342	-0.328569	0.000308	0.000630
0.012060	2.683884	-0.326312	-0.000015	0.000630
0.012070	2.695169	-0.324700	-0.000015	0.000630
0.012080	2.706132	-0.322765	0.000952	0.000308
0.012090	2.719997	-0.317284	-0.000015	0.000630
0.012100	2.731604	-0.309868	0.000630	0.000308
0.012110	2.744501	-0.315994	0.000630	-0.000015
0.012120	2.756431	-0.314705	-0.000015	0.000308
0.012130	2.769973	-0.312125	0.000308	0.000630
0.012140	2.781581	-0.310191	-0.000015	-0.000015
0.012150	2.793511	-0.310835	0.000630	-0.000015
0.012160	2.805441	-0.308256	0.000952	-0.000015
0.012170	2.818015	-0.302452	0.000308	0.000308
0.012180	2.830268	-0.307289	0.000308	0.000308
0.012190	2.842843	-0.299873	-0.000015	0.000308
0.012200	2.854773	-0.293102	-0.000337	-0.000015
0.012210	2.866058	-0.286008	-0.000015	0.000308
0.012220	2.879600	-0.279560	0.000630	0.000308
0.012230	2.891207	-0.277948	0.000630	-0.000015
0.012240	2.905072	-0.278270	0.000308	0.000952
0.012250	2.916679	-0.272466	-0.000015	-0.000015
0.012260	2.928932	-0.266663	-0.000660	0.000308
0.012270	2.940539	-0.267952	0.000308	0.000952
0.012280	2.953436	-0.262149	-0.000015	0.000630
0.012290	2.966656	-0.259569	0.000308	-0.000015
0.012300	2.979553	-0.251186	-0.000015	0.000630
0.012310	2.989549	-0.247640	0.000308	-0.000337
0.012320	3.002768	-0.245383	0.000630	0.000952
0.012330	3.015343	-0.242158	0.000308	0.000952
0.012340	3.026628	-0.246672	0.000630	0.000630
0.012350	3.039203	-0.242803	0.000308	0.000308
0.012360	3.051133	-0.233453	0.000308	0.000630
0.012370	3.062418	-0.230551	0.000308	0.000308
0.012380	3.076605	-0.237322	0.000308	0.000308
0.012390	3.089180	-0.233453	-0.000015	0.000630
0.012400	3.099820	-0.226037	0.000630	0.000308
0.012410	3.113362	-0.218943	0.000308	0.000308
0.012420	3.124969	-0.217976	-0.000015	-0.000015
0.012430	3.137867	-0.208303	0.000630	0.000630
0.012440	3.150119	-0.200887	0.000308	0.000630
0.012450	3.160759	-0.101257	0.000308	-0.000015
0.012460	3.174301	-0.199920	-0.000337	0.000308
0.012470	3.186231	-0.197986	0.000308	0.000952
0.012480	3.198484	-0.190892	-0.000660	-0.000337
0.012490	3.210414	-0.185733	0.000952	0.000308
0.012500	3.222021	-0.184121	-0.000337	0.000308
0.012510	3.233951	-0.176705	-0.000015	0.000630
0.012520	3.247816	-0.170257	0.000630	0.000952
0.012530	3.259101	-0.165098	-0.000015	0.000308
0.012540	3.174624	-0.163163	-0.000015	-0.000015
0.012550	3.160759	-0.157037	-0.000015	0.000308
0.012560	3.147862	-0.154135	0.000630	0.000952
0.012570	3.134965	-0.149621	0.000308	0.000308
0.012580	3.121423	-0.145430	0.000630	-0.000015
0.012590	3.108203	-0.141883	0.000630	0.000308
0.012600	3.094016	-0.137047	-0.000015	0.000952
0.012610	3.081441	-0.134145	0.000308	0.000308
0.012620	3.069189	-0.132210	-0.000015	-0.000015
0.012630	3.055002	-0.127051	-0.000015	0.000630
0.012640	3.041137	-0.124150	0.000308	-0.000015
0.012650	3.028563	-0.120280	-0.000015	0.001275
0.012660	3.014053	-0.119313	0.000630	0.000952
0.012670	3.003413	-0.116734	0.000308	0.000308
0.012680	2.989871	-0.113187	0.000308	0.000952
0.012690	2.976329	-0.107383	-0.000982	-0.000337
0.012700	2.962142	-0.104804	-0.000015	-0.000015
0.012710	2.949890	-0.102869	0.000308	0.000630
0.012720	2.937315	-0.098355	-0.000015	0.000630
0.012730	2.924095	-0.096098	0.000308	0.000308
0.012740	2.910875	-0.091907	-0.000015	0.000630
0.012750	2.897656	-0.088360	-0.000015	-0.000337
0.012760	2.884759	-0.083846	-0.000015	0.000308
0.012770	2.871216	-0.081267	0.000308	0.000308
0.012780	2.860254	-0.078365	-0.000015	0.000630
0.012790	2.846067	-0.075141	0.000630	0.000308
0.012800	2.833492	-0.070304	-0.000015	-0.000015
0.012810	2.821885	-0.067725	-0.000015	0.000308
0.012820	2.806730	-0.065145	0.000630	0.000630
0.012830	2.794478	-0.060631	0.000308	-0.000015
0.012840	2.780291	-0.056762	0.000308	0.000308
0.012850	2.767071	-0.054505	-0.000337	0.000952
0.012860	2.756109	-0.050314	-0.000015	0.000952
0.012870	2.741922	-0.048057	0.000308	0.000308
0.012880	2.728702	-0.042575	0.000308	0.000630
0.012890	2.715805	-0.038384	-0.000015	-0.000337
0.012900	2.702263	-0.033547	0.000308	0.000308
0.012910	2.690011	-0.030323	-0.000337	0.000308
0.012920	2.677436	-0.025164	0.000308	0.000952
0.012930	2.663571	-0.021618	-0.000015	0.000952
0.012940	2.650674	-0.018071	0.000308	0.001275
0.012950	2.637132	-0.014524	0.000308	0.000630
0.012960	2.624557	-0.010010	0.000630	0.000308
0.012970	2.611338	-0.005819	0.000630	-0.000015
0.012980	2.596506	-0.002272	0.000308	-0.000015
0.012990	2.584898	0.002565	0.000308	0.000630
0.013000	2.573291	0.007723	-0.000015	0.000308
0.013010	2.560716	0.011270	-0.000015	0.000630
0.013020	2.546529	0.015784	0.000308	0.000308
0.013030	2.534599	0.019008	-0.000015	0.000952
0.013040	2.521057	0.022233	-0.000015	0.000630
0.013050	2.508160	0.025779	-0.000337	0.000952
0.013060	2.495908	0.030616	0.000630	-0.000337
0.013070	2.480431	0.034807	0.000308	0.000308
0.013080	2.469468	0.037709	-0.000337	-0.000337
0.013090	2.456571	0.043190	0.000308	-0.000015
0.013100	2.442384	0.046415	-0.000337	-0.000015
0.013110	2.429165	0.049961	-0.000015	-0.000015
0.013120	2.417235	0.054475	0.000308	-0.000015
0.013130	2.403693	0.058989	-0.000015	0.000308
0.013140	2.390795	0.061246	0.000308	0.000630
0.013150	2.379188	0.066083	0.000308	-0.000660
0.013160	2.365646	0.069952	0.000308	0.000308
0.013170	2.353393	0.073499	-0.000337	-0.000015
0.013180	2.338884	0.077368	0.000630	-0.000015
0.013190	2.326632	0.081237	-0.000015	0.000630
0.013200	2.313412	0.085106	0.000308	0.000308
0.013210	2.299870	0.088653	0.000308	0.000630
0.013220	2.287618	0.092200	-0.000015	-0.000015
0.013230	2.274721	0.096391	0.000308	-0.000015
0.013240	2.261501	0.101228	0.000308	0.000308
0.013250	2.247636	0.108643	-0.000015	0.000630
0.013260	2.235062	0.112513	-0.000015	0.000308
0.013270	2.222809	0.129924	-0.000015	0.000308
0.013280	2.208622	0.120573	-0.000015	0.000308
0.013290	2.196693	0.136050	0.000630	0.000308
0.013300	2.183473	0.133148	-0.000015	0.000630
0.013310	2.171865	0.136050	-0.000337	-0.000015
0.013320	2.158001	0.138629	-0.000015	0.000308
0.013330	2.145426	0.141531	0.000308	0.000630
0.013340	2.132851	0.144433	-0.000337	-0.000015
0.013350	2.119954	0.147335	0.000308	0.000308
0.013360	2.107380	0.149269	-0.000015	-0.000015
0.013370	2.094482	0.151849	0.000630	0.000630
0.013380	2.081585	0.154106	0.000952	0.001597
0.013390	2.066753	0.244063	-0.000337	0.003854
0.013400	2.047085	0.191185	-0.000660	-0.000015
0.013410	2.040959	0.164746	0.000308	-0.000015
0.013420	2.029996	0.188283	-0.000337	0.000308
0.013430	2.016777	0.186349	-0.000337	0.000630
0.013440	2.002590	0.188283	0.000308	0.000308
0.013450	1.989693	0.186026	0.000630	0.000630
0.013460	1.978408	0.184414	0.000308	-0.000015
0.013470	1.963576	0.182802	-0.000015	-0.000015
0.013480	1.951001	0.183447	0.000308	0.000630
0.013490	1.938749	0.185704	-0.000015	0.000308
0.013500	1.925207	0.186993	-0.000015	0.000308
0.013510	1.912632	0.188928	-0.000015	-0.000015
0.013520	1.898768	0.188606	0.000630	-0.000337
0.013530	1.887483	0.192152	0.000630	-0.000015
0.013540	1.874263	0.195699	-0.000015	0.000952
0.013550	1.861366	0.196989	0.000308	-0.000337
0.013560	1.848146	0.198601	0.000308	0.000630
0.013570	1.834927	0.212465	-0.000015	-0.000015
0.013580	1.822674	0.212143	-0.000337	-0.000015
0.013590	1.809455	0.207951	-0.000015	-0.000015
0.013600	1.797525	0.210853	0.000308	0.000630
0.013610	1.784305	0.210853	0.000308	0.000308
0.013620	1.770763	0.213433	0.000630	0.000308
0.013630	1.758833	0.216012	-0.000660	-0.000015
0.013640	1.745614	0.222460	0.000630	-0.000015
0.013650	1.732394	0.222138	0.000308	0.000630
0.013660	1.719497	0.224073	-0.000337	0.000308
0.013670	1.705955	0.229231	-0.000337	0.000952
0.013680	1.692735	0.239227	-0.000015	0.000308
0.013690	1.680805	0.246643	-0.000660	0.000308
0.013700	1.667908	0.251157	-0.000337	0.000308
0.013710	1.655011	0.254381	-0.000337	0.000952
0.013720	1.641469	0.255026	-0.000337	-0.000015
0.013730	1.628249	0.257605	-0.000015	0.000308
0.013740	1.615997	0.258895	-0.000337	-0.000015
0.013750	1.602455	0.261152	0.000308	-0.000015
0.013760	1.589880	0.262119	0.000308	0.000308
0.013770	1.576338	0.265988	-0.000015	0.000308
0.013780	1.565376	0.270825	0.000308	-0.000015
0.013790	1.552156	0.276951	-0.000337	0.000308
0.013800	1.538292	0.281787	-0.000015	0.000308
0.013810	1.525072	0.283722	0.000308	0.000308
0.013820	1.513465	0.287269	0.000630	0.000308
0.013830	1.499278	0.290815	-0.000015	0.000308
0.013840	1.487025	0.291460	0.000308	-0.000015
0.013850	1.474128	0.292427	-0.000337	0.000308
0.013860	1.462521	0.289203	-0.000015	0.000952
0.013870	1.448011	0.289203	0.000308	-0.000337
0.013880	1.435437	0.284367	0.000630	-0.000015
0.013890	1.422540	0.283399	-0.000660	0.000308
0.013900	1.408675	0.275984	0.000952	0.000630
0.013910	1.397713	0.280820	0.000308	0.000308
0.013920	1.384815	0.279530	-0.000015	0.000308
0.013930	1.370306	0.281142	0.000308	0.001275
0.013940	1.358376	0.283399	-0.000015	0.000308
0.013950	1.346446	0.285334	-0.000015	0.000308
0.013960	1.332582	0.286301	-0.000337	0.000308
0.013970	1.319685	0.288236	-0.000015	0.000308
0.013980	1.306788	0.290170	-0.000015	-0.000015
0.013990	1.294535	0.293395	0.000308	0.000630
0.014000	1.281316	0.296619	-0.000337	-0.000015
0.014010	1.267774	0.296941	0.000630	0.000308
0.014020	1.255844	0.297909	0.000630	0.000308
0.014030	1.244559	0.299843	-0.000015	0.000308
0.014040	1.229082	0.301455	-0.000015	-0.000660
0.014050	1.217475	0.303390	0.000952	-0.000015
0.014060	1.204578	0.303712	-0.000015	-0.000015
0.014070	1.192325	0.306614	-0.000015	0.000308
0.014080	1.178461	0.308549	0.000630	-0.000337
0.014090	1.166209	0.309516	-0.000015	-0.000015
0.014100	1.152667	0.311128	0.000308	0.000308
0.014110	1.139769	0.312096	-0.000337	-0.000015
0.014120	1.126227	0.314030	-0.000015	0.000952
0.014130	1.113975	0.315965	0.000630	-0.000015
0.014140	1.101400	0.320156	-0.000015	0.000308
0.014150	1.089793	0.323058	0.000308	-0.000015
0.014160	1.075606	0.325638	0.000952	0.000308
0.014170	1.063676	0.330474	-0.000015	0.000308
0.014180	1.050779	0.335310	-0.000015	0.000308
0.014190	1.035947	0.340792	0.000308	0.000308
0.014200	1.025307	0.348207	0.000308	0.000630
0.014210	1.010153	0.354334	0.000308	-0.000015
0.014220	0.998546	0.361427	0.000952	0.000630
0.014230	0.985971	0.370455	-0.000015	0.000630
0.014240	0.972751	0.381095	0.000308	-0.000337
0.014250	0.960177	0.388189	0.000308	0.000630
0.014260	0.945667	0.396572	-0.000015	0.000630
0.014270	0.934382	0.405922	-0.000660	0.000308
0.014280	0.922130	0.412693	0.000308	0.000952
0.014290	0.908910	0.418497	-0.000337	0.000630
0.014300	0.896658	0.426558	-0.000015	0.000630
0.014310	0.882471	0.432684	0.000308	-0.000337
0.014320	0.869897	0.437198	0.000308	0.000630
0.014330	0.856355	0.444936	-0.000660	0.000308
0.014340	0.844425	0.449128	-0.000337	0.000308
0.014350	0.831528	0.450740	0.000630	0.000630
0.014360	0.819275	0.455576	0.000630	0.000308
0.014370	0.806056	0.458800	0.000308	-0.000337
0.014380	0.793481	0.461702	0.000308	-0.000015
0.014390	0.780261	0.460090	0.000952	-0.000015
0.014400	0.768009	0.460735	0.000952	0.000308
0.014410	0.755757	0.458156	-0.000015	0.000308
0.014420	0.741892	0.430104	-0.000015	0.000630
0.014430	0.728028	0.404310	-0.000015	-0.000337
0.014440	0.716743	0.401086	-0.000015	0.000630
0.014450	0.703846	0.468151	-0.000015	-0.000337
0.014460	0.691271	0.491688	-0.000337	0.000630
0.014470	0.677084	0.533281	-0.000337	0.000308
0.014480	0.665477	0.473955	0.000630	0.000952
0.014490	0.651935	0.486207	-0.000337	0.000308
0.014500	0.639683	0.528122	0.000630	0.000630
0.014510	0.626463	0.486852	-0.000015	0.000630
0.014520	0.613566	0.524576	0.000308	0.000308
0.014530	0.600991	0.562622	-0.000015	0.000308
0.014540	0.587772	0.594543	-0.000337	-0.000015
0.014550	0.575519	0.620982	-0.000015	-0.000015
0.014560	0.562945	0.572295	0.000308	0.000308
0.014570	0.549403	0.585515	0.000308	0.000630
0.014580	0.536506	0.609052	-0.000337	0.000952
0.014590	0.523608	0.623884	0.000308	0.000308
0.014600	0.511034	0.625818	-0.000015	0.000308
0.014610	0.498459	0.578744	0.000308	0.000952
0.014620	0.485239	0.602603	-0.000015	-0.000015
0.014630	0.473310	0.625173	0.000308	0.000308
0.014640	0.460090	0.597767	-0.000015	0.000630
0.014650	0.446871	0.587449	0.000308	0.000308
0.014660	0.434296	0.477501	-0.000337	0.000308
0.014670	0.421076	0.314353	0.000308	0.000630
0.014680	0.408502	0.505552	-0.000015	0.000308
0.014690	0.395604	0.480403	-0.000015	0.000308
0.014700	0.384319	0.553917	0.000308	0.000630
0.014710	0.370777	0.538763	0.000308	0.000308
0.014720	0.355946	0.566814	0.000308	0.000308
0.014730	0.344338	0.473310	-0.000015	0.000630
0.014740	0.332409	0.337567	0.000308	0.000308
0.014750	0.319511	0.469763	-0.000015	0.000952
0.014760	0.305647	0.571005	-0.000015	0.000952
0.014770	0.293717	0.512646	0.000630	-0.000015
0.014780	0.280820	0.523608	-0.000660	-0.000015
0.014790	0.267923	0.530379	-0.000015	0.000308
0.014800	0.253736	0.510711	-0.000015	0.000308
0.014810	0.242129	0.528767	-0.001305	0.000952
0.014820	0.229876	0.600346	0.000630	0.000308
0.014830	0.215690	0.482982	-0.000660	0.000952
0.014840	0.205049	0.557786	-0.000015	-0.000015
0.014850	0.190540	0.118316	-0.000015	0.000308
0.014860	0.177321	0.013205	0.000308	-0.000337
0.014870	0.166036	0.071242	0.000630	0.000952
0.014880	0.152816	0.626141	-0.000015	0.000630
0.014890	0.139919	0.661930	-0.000015	-0.000015
0.014900	0.127022	0.331764	0.000952	0.000630
0.014910	0.115092	0.395604	0.000308	-0.000015
0.014920	0.101872	0.686435	-0.000015	-0.000015
0.014930	0.088653	0.750598	0.000630	0.000630
0.014940	0.077045	0.585515	0.000630	-0.000015
0.014950	0.064793	0.697397	-0.000015	0.000630
0.014960	0.049961	0.677729	0.000630	0.000952
0.014970	0.036420	0.599702	0.000308	0.000952
0.014980	0.025135	0.604216	0.000630	0.000308
0.014990	0.013205	0.676440	-0.000015	0.000308
0.015000	0.000952	0.671603	-0.000015	0.000630
0.015010	-0.011945	0.702879	0.000308	-0.000015
0.015020	-0.024197	0.660963	0.000308	0.000630
0.015030	-0.038061	0.683211	-0.000337	0.000630
0.015040	-0.052571	0.713841	0.000308	0.000308
0.015050	-0.065468	0.736089	-0.000015	0.000308
0.015060	-0.079332	0.745762	-0.000337	0.000630
0.015070	-0.091907	0.624851	-0.000015	0.000308
0.015080	-0.104804	0.717710	0.000952	0.000630
0.015090	-0.116089	0.750276	-0.000015	0.000630
0.015100	-0.129953	0.776715	0.000630	-0.000337
0.015110	-0.140271	0.704491	0.000308	0.000308
0.015120	-0.155425	0.742215	-0.000015	-0.000015
0.015130	-0.168967	0.716743	0.000630	-0.000015
0.015140	-0.181219	0.689014	0.000308	0.000308
0.015150	-0.192504	0.727383	-0.000015	-0.000015
0.015160	-0.205079	0.762528	0.000308	-0.000015
0.015170	-0.219266	0.771556	0.000308	-0.000015
0.015180	-0.233130	0.750276	-0.000337	0.000308
0.015190	-0.244415	0.752210	0.000308	0.000308
0.015200	-0.256990	0.759304	0.000630	0.000952
0.015210	-0.269887	0.737701	0.000308	0.000630
0.015220	-0.281172	0.716098	-0.000015	0.001275
0.015230	-0.295036	0.668701	0.000308	-0.000015
0.015240	-0.308256	0.711907	0.000308	0.000952
0.015250	-0.320831	0.689014	-0.000015	0.000308
0.015260	-0.333083	0.620659	-0.000015	0.000630
0.015270	-0.346947	0.549080	-0.000015	-0.000015
0.015280	-0.359844	0.607440	0.000630	0.001275
0.015290	-0.371452	0.653870	-0.000015	-0.000015
0.015300	-0.384349	0.708038	-0.000015	0.000308
0.015310	-0.397568	0.638715	-0.000337	-0.000015
0.015320	-0.410466	0.570361	-0.000015	0.000630
0.015330	-0.422718	0.670636	-0.000015	0.000630
0.015340	-0.434970	0.658061	0.000308	0.000308
0.015350	-0.448190	0.608730	-0.000015	0.000308
0.015360	-0.460119	0.679341	0.000952	0.000630
0.015370	-0.474306	0.714809	-0.000015	0.000630
0.015380	-0.487526	0.665155	-0.000660	-0.000015
0.015390	-0.498166	0.689659	0.000308	-0.000015
0.015400	-0.512998	0.724804	-0.000015	0.000308
0.015410	-0.525572	0.736411	-0.000660	-0.000015
0.015420	-0.537180	0.703201	-0.000015	0.000308
0.015430	-0.549754	0.712874	-0.000015	-0.000337
0.015440	-0.562974	0.719323	0.000630	0.000308
0.015450	-0.575226	0.763495	-0.000015	0.000308
0.015460	-0.586511	0.762528	-0.000015	0.000308
0.015470	-0.601343	0.750920	-0.000337	0.000308
0.015480	-0.614885	0.720290	0.000308	0.000308
0.015490	-0.627137	0.728995	0.000308	-0.000015
0.015500	-0.639712	0.735121	-0.000015	0.000630
0.015510	-0.653576	0.692883	-0.000015	0.000308
0.015520	-0.665828	0.701267	0.000308	0.000308
0.015530	-0.677436	0.719000	0.000308	0.000630
0.015540	-0.691300	0.724804	-0.000015	0.000630
0.015550	-0.704520	0.709327	0.000308	0.000630
0.015560	-0.715160	0.716098	-0.000337	-0.000015
0.015570	-0.727734	0.718033	-0.000337	0.000308
0.015580	-0.741276	0.712552	-0.000015	0.000308
0.015590	-0.753529	0.724481	-0.000015	0.000308
0.015600	-0.765458	0.742860	0.000308	0.000630
0.015610	-0.779323	0.719323	-0.000337	-0.000015
0.015620	-0.792220	0.702234	0.000308	-0.000015
0.015630	-0.805439	0.686112	0.000308	-0.000015
0.015640	-0.817369	0.695463	0.000308	0.000630
0.015650	-0.830589	0.704813	-0.000015	0.000952
0.015660	-0.843164	0.697075	0.000308	0.000308
0.015670	-0.855738	0.691271	-0.000337	-0.000015
0.015680	-0.867990	0.703524	0.000308	0.000308
0.015690	-0.882500	0.724804	-0.000015	-0.000015
0.015700	-0.893785	0.705458	-0.000015	-0.000337
0.015710	-0.907649	0.705781	0.000630	0.000630
0.015720	-0.920546	0.701911	0.000308	-0.000015
0.015730	-0.932476	0.684500	0.000308	-0.000015
0.015740	-0.946018	0.699654	-0.000015	0.000952
0.015750	-0.957948	0.709005	-0.000015	0.000308
0.015760	-0.970522	0.696430	-0.000337	0.000308
0.015770	-0.983742	0.700299	0.000630	0.000308
0.015780	-0.996639	0.688047	-0.000337	0.000308
0.015790	-1.008891	0.683855	0.000308	0.000308
0.015800	-1.021144	0.682243	0.000308	-0.000015
0.015810	-1.034685	0.685145	-0.000015	0.000308
0.015820	-1.046293	0.697397	0.000308	-0.000015
0.015830	-1.059190	0.681921	0.000308	0.000308
0.015840	-1.073054	0.680631	-0.000015	0.000308
0.015850	-1.086274	0.680954	-0.000015	0.000308
0.015860	-1.097236	0.679019	-0.000015	0.000308
0.015870	-1.109166	0.689014	0.000308	0.000308
0.015880	-1.123031	0.696108	-0.000015	-0.000015
0.015890	-1.136250	0.698687	0.000308	0.000630
0.015900	-1.147858	0.710295	0.000630	-0.000337
0.015910	-1.161399	0.702556	-0.000015	0.000952
0.015920	-1.174619	0.715453	-0.000015	-0.000015
0.015930	-1.186549	0.686435	-0.000015	-0.000015
0.015940	-1.199123	0.672570	-0.000015	0.000308
0.015950	-1.212665	0.662898	-0.000015	-0.000015
0.015960	-1.225240	0.664187	-0.000337	0.000630
0.015970	-1.237170	0.676762	-0.000015	0.000308
0.015980	-1.250712	0.666444	-0.000660	0.000308
0.015990	-1.263287	0.651935	-0.000015	-0.000015
0.016000	-1.275539	0.660318	-0.000015	0.000308
0.016010	-1.289403	0.666122	0.000308	-0.000015
0.016020	-1.301978	0.658384	-0.000337	0.000308
0.016030	-1.314230	0.643229	-0.000015	0.000308
0.016040	-1.325515	0.648388	0.000308	-0.000015
0.016050	-1.340024	0.635491	-0.000337	0.000308
0.016060	-1.352277	0.636458	0.000308	0.000308
0.016070	-1.364206	0.629365	-0.000337	0.000630
0.016080	-1.377426	0.624529	-0.000015	0.000308
0.016090	-1.390645	0.646454	-0.000015	0.000630
0.016100	-1.402575	0.625173	-0.000337	-0.000015
0.016110	-1.415795	0.629043	-0.000015	0.000308
0.016120	-1.428692	0.639683	0.000308	0.000308
0.016130	-1.441266	0.638715	0.000308	0.000630
0.016140	-1.455131	0.637103	-0.000015	0.000308
0.016150	-1.465771	0.628398	0.000308	0.000308
0.016160	-1.478668	0.622594	-0.000337	0.000630
0.016170	-1.491888	0.626141	0.000308	0.000308
0.016180	-1.505107	0.630332	0.000308	-0.000015
0.016190	-1.516715	0.625173	-0.000015	-0.000337
0.016200	-1.529934	0.613888	0.000308	0.000308
0.016210	-1.542831	0.586160	0.000308	0.000308
0.016220	-1.555406	0.588094	-0.000337	0.000308
0.016230	-1.567336	0.589706	-0.000015	0.000630
0.016240	-1.580878	0.591318	-0.000015	-0.000015
0.016250	-1.593452	0.599379	-0.000015	-0.000015
0.016260	-1.606027	0.611309	0.000308	0.000630
0.016270	-1.619246	0.600346	-0.000015	0.000308
0.016280	-1.632466	0.625173	-0.000015	-0.000015
0.016290	-1.644396	0.631300	0.000630	0.000308
0.016300	-1.657615	0.615823	0.000952	-0.000015
0.016310	-1.670190	0.598412	-0.000337	-0.000015
0.016320	-1.682120	0.594543	0.000308	0.000630
0.016330	-1.694050	0.599702	0.000308	-0.000015
0.016340	-1.707591	0.580033	0.000308	0.000308
0.016350	-1.721133	0.571005	-0.000015	-0.000015
0.016360	-1.733708	0.585837	-0.000015	-0.000015
0.016370	-1.746605	0.598412	0.000308	0.000630
0.016380	-1.758213	0.564879	-0.000015	-0.000015
0.016390	-1.771755	0.551982	-0.000015	0.000308
0.016400	-1.785296	0.556819	0.000308	0.000630
0.016410	-1.796581	0.563912	0.000630	-0.000337
0.016420	-1.808834	0.543921	0.000308	0.000308
0.016430	-1.821086	0.546178	-0.000660	0.000952
0.016440	-1.835273	0.547146	-0.000015	0.000308
0.016450	-1.847203	0.532314	0.000630	-0.000337
0.016460	-1.859455	0.531024	-0.000015	-0.000015
0.016470	-1.872352	0.517482	0.000308	0.000308
0.016480	-1.885249	0.522641	-0.000015	0.000630
0.016490	-1.897824	0.541342	-0.000337	0.000952
0.016500	-1.910721	0.538763	0.000630	-0.000337
0.016510	-1.923940	0.524576	-0.000015	0.000630
0.016520	-1.936192	0.529090	-0.000015	0.000308
0.016530	-1.949090	0.521674	-0.000015	-0.000015
0.016540	-1.961664	0.489753	0.000308	0.000308
0.016550	-1.973594	0.515548	0.000308	-0.000015
0.016560	-1.986814	0.524898	-0.000015	0.000308
0.016570	-2.000678	0.511679	-0.000337	0.000952
0.016580	-2.012608	0.495235	0.000308	0.000630
0.016590	-2.023893	0.490398	-0.000015	0.000308
0.016600	-2.037112	0.496847	-0.000015	0.000308
0.016610	-2.050009	0.482338	0.000308	0.000308
0.016620	-2.062584	0.474922	-0.000015	-0.000015
0.016630	-2.075159	0.471053	0.000952	-0.000015
0.016640	-2.088378	0.487819	0.000630	-0.000337
0.016650	-2.101598	0.491366	-0.000015	0.000308
0.016660	-2.114172	0.460413	0.000630	0.000630
0.016670	-2.127392	0.451385	0.000308	-0.000015
0.016680	-2.138032	0.447193	0.000630	-0.000015
0.016690	-2.151251	0.447515	-0.000015	0.000630
0.016700	-2.162859	0.458156	-0.000015	-0.000015
0.016710	-2.176723	0.447515	0.000630	0.000308
0.016720	-2.188331	0.443001	-0.000015	0.000308
0.016730	-2.201550	0.443324	0.000952	0.000630
0.016740	-2.215092	0.442679	0.000308	0.000308
0.016750	-2.227344	0.433006	0.000308	0.000952
0.016760	-2.240241	0.433006	-0.000015	-0.000015
0.016770	-2.253138	0.433006	-0.000015	0.000308
0.016780	-2.264423	0.439777	-0.000015	0.000952
0.016790	-2.277965	0.451385	0.000308	0.000630
0.016800	-2.291830	0.447838	0.000630	0.000630
0.016810	-2.303760	0.436875	-0.000660	-0.000015
0.016820	-2.315689	0.432361	0.000308	0.000630
0.016830	-2.328264	0.430104	-0.000015	0.000952
0.016840	-2.340516	0.445581	-0.000015	0.000308
0.016850	-2.353091	0.451385	0.000308	0.000308
0.016860	-2.365666	0.435263	-0.000015	0.000308
0.016870	-2.378885	0.420109	-0.000337	-0.000015
0.016880	-2.391460	0.430749	0.000308	-0.000015
0.016890	-2.403712	0.431394	-0.000337	0.000630
0.016900	-2.416932	0.426235	0.000308	0.000308
0.016910	-2.429184	0.414305	0.000308	0.000308
0.016920	-2.441114	0.415595	0.000308	0.000952
0.016930	-2.454655	0.416240	0.000308	0.000308
0.016940	-2.467875	0.417530	0.000308	0.000308
0.016950	-2.479482	0.403988	-0.000015	0.000952
0.016960	-2.493347	0.403665	-0.000015	-0.000337
0.016970	-2.505277	0.407212	-0.000015	-0.000015
0.016980	-2.517529	0.403988	0.000630	0.000630
0.016990	-2.530103	0.393992	-0.000337	0.000308
0.017000	-2.542678	0.383675	-0.000015	0.000630
0.017010	-2.555575	0.383675	-0.000015	0.000630
0.017020	-2.567827	0.372390	0.000308	0.000308
0.017030	-2.580402	0.365941	0.000308	0.000308
0.017040	-2.593944	0.375291	-0.000015	0.000630
0.017050	-2.607486	0.369488	-0.000337	-0.000015
0.017060	-2.619093	0.365619	-0.000660	0.000630
0.017070	-2.630701	0.354334	0.000630	-0.000015
0.017080	-2.644243	0.344661	-0.000015	-0.000015
0.017090	-2.656817	0.355301	-0.000015	0.000630
0.017100	-2.668747	0.361427	-0.000015	0.000630
0.017110	-2.681967	0.346918	-0.000337	-0.000015
0.017120	-2.694219	0.334343	-0.000015	0.000630
0.017130	-2.706794	0.330474	-0.000337	-0.000015
0.017140	-2.720980	0.334988	0.000952	0.000630
0.017150	-2.733233	0.321446	0.000630	-0.000015
0.017160	-2.743550	0.333053	0.000630	-0.000015
0.017170	-2.756447	0.327250	-0.000337	-0.000337
0.017180	-2.770634	0.326282	0.000308	0.000630
0.017190	-2.783209	0.304357	0.000308	0.000308
0.017200	-2.795461	0.312096	0.000630	0.000630
0.017210	-2.807713	0.304680	-0.000015	0.000308
0.017220	-2.820933	0.305325	0.000308	0.000630
0.017230	-2.831573	0.293395	0.000308	0.000952
0.017240	-2.845437	0.288236	-0.000337	0.000630
0.017250	-2.857690	0.282110	-0.000337	0.000630
0.017260	-2.868974	0.284367	-0.000015	-0.000015
0.017270	-2.882839	0.278563	0.000630	0.000308
0.017280	-2.897348	0.278885	-0.000015	0.000630
0.017290	-2.908311	0.271147	0.000630	0.000308
0.017300	-2.921208	0.266633	0.000308	-0.000015
0.017310	-2.933138	0.261797	0.000630	0.000952
0.017320	-2.946357	0.265343	0.000308	0.000630
0.017330	-2.958287	0.259862	0.000308	0.000308
0.017340	-2.970539	0.259540	-0.000015	0.000630
0.017350	-2.984726	0.257605	-0.000337	0.000630
0.017360	-2.996656	0.255993	0.000630	0.000308
0.017370	-3.008263	0.250834	-0.000337	0.000630
0.017380	-3.020838	0.245675	-0.000015	-0.000015
0.017390	-3.033412	0.241484	0.000952	0.000308
0.017400	-3.045342	0.235358	0.000952	0.000308
0.017410	-3.058884	0.225362	-0.000015	0.000952
0.017420	-3.070814	0.221816	0.000308	0.000630
0.017430	-3.082099	0.216657	0.000308	0.000308
0.017440	-3.094351	0.215690	0.000308	0.000630
0.017450	-3.068557	0.215690	-0.000015	-0.000015
0.017460	-3.016969	0.209886	0.000308	0.000630
0.017470	-3.002782	0.205372	0.000308	0.000308
0.017480	-2.990207	0.204405	0.000308	0.000630
0.017490	-2.976665	0.197311	-0.000337	-0.000015
0.017500	-2.965058	0.189895	-0.000337	-0.000015
0.017510	-2.952483	0.188606	0.000308	-0.000015
0.017520	-2.939586	0.187316	0.000630	0.000630
0.017530	-2.925077	0.180867	0.000308	-0.000015
0.017540	-2.913469	0.178288	0.000952	0.000308
0.017550	-2.899928	0.178933	-0.000337	0.000630
0.017560	-2.887998	0.168615	0.000630	-0.000015
0.017570	-2.874778	0.166680	0.000630	0.000630
0.017580	-2.861236	0.163456	-0.000015	-0.000337
0.017590	-2.849629	0.157652	0.000952	0.000308
0.017600	-2.838989	0.150881	0.000630	0.000630
0.017610	-2.827381	0.147012	-0.000015	0.000952
0.017620	-2.811582	0.149592	-0.000015	-0.000660
0.017630	-2.799975	0.146045	0.000630	0.000630
0.017640	-2.788045	0.136050	-0.000015	0.000630
0.017650	-2.774503	0.131536	-0.000015	0.000308
0.017660	-2.762251	0.124765	0.000308	0.000630
0.017670	-2.749354	0.124120	0.000308	0.000630
0.017680	-2.736457	0.120251	0.000630	0.000308
0.017690	-2.723237	0.118316	-0.000015	0.000630
0.017700	-2.710663	0.109288	-0.000015	0.000952
0.017710	-2.698733	0.102840	0.000308	0.000630
0.017720	-2.686158	0.097036	0.000308	0.000308
0.017730	-2.674228	0.092522	-0.000337	0.000630
0.017740	-2.661331	0.088653	0.000630	0.000630
0.017750	-2.648434	0.084461	-0.000337	0.000308
0.017760	-2.635215	0.080270	-0.000015	0.000630
0.017770	-2.622318	0.074788	-0.000015	0.000308
0.017780	-2.610388	0.071564	0.000308	0.000952
0.017790	-2.597491	0.067373	0.000308	-0.000337
0.017800	-2.584916	0.063503	0.000308	0.000630
0.017810	-2.572664	0.059312	0.000308	0.000952
0.017820	-2.559122	0.055765	0.000952	-0.000015
0.017830	-2.546547	0.051896	0.000308	0.000630
0.017840	-2.535262	0.048672	0.000952	0.000308
0.017850	-2.520431	0.044803	-0.000015	-0.000015
0.017860	-2.510113	0.040933	0.000308	-0.000015
0.017870	-2.497861	0.037709	-0.000337	0.000630
0.017880	-2.484641	0.033840	0.000308	0.000630
0.017890	-2.471744	0.030293	0.000630	0.000308
0.017900	-2.459814	0.026747	-0.000337	0.000630
0.017910	-2.447885	0.021265	0.000308	-0.000015
0.017920	-2.434343	0.019331	-0.000015	0.000308
0.017930	-2.422735	0.015784	0.000308	-0.000015
0.017940	-2.408548	0.011593	0.000630	-0.000015
0.017950	-2.397263	0.009336	0.000308	0.000308
0.017960	-2.383077	0.004822	-0.000015	0.000630
0.017970	-2.371469	0.001597	0.000630	0.000308
0.017980	-2.359217	-0.001627	0.000952	0.000308
0.017990	-2.346642	-0.004851	-0.000337	0.000630
0.018000	-2.336325	-0.008720	0.000630	-0.000337
0.018010	-2.321815	-0.012590	-0.000015	0.000308
0.018020	-2.308596	-0.015814	-0.000015	0.000308
0.018030	-2.295699	-0.020005	0.000308	-0.000015
0.018040	-2.285059	-0.022907	-0.000015	0.000308
0.018050	-2.272484	-0.026454	-0.000337	0.000630
0.018060	-2.258620	-0.031290	-0.000015	0.000630
0.018070	-2.247657	-0.033870	0.000308	0.000308
0.018080	-2.233793	-0.038061	0.000308	0.000308
0.018090	-2.221541	-0.041931	0.000308	0.000308
0.018100	-2.209611	-0.044832	0.000308	0.000308
0.018110	-2.197359	-0.048701	0.000308	0.000630
0.018120	-2.184139	-0.051926	0.000952	0.000308
0.018130	-2.170597	-0.056117	-0.000337	-0.000015
0.018140	-2.160602	-0.059986	-0.000015	0.000952
0.018150	-2.147382	-0.063533	-0.000015	0.000630
0.018160	-2.134163	-0.067080	0.000308	0.000952
0.018170	-2.122555	-0.073206	0.000308	0.000308
0.018180	-2.109336	-0.076108	0.000630	0.000630
0.018190	-2.096439	-0.080622	0.000630	0.000952
0.018200	-2.084509	-0.084169	0.000630	0.000630
0.018210	-2.072257	-0.088683	0.000308	0.000630
0.018220	-2.059682	-0.092229	-0.000337	0.000630
0.018230	-2.047107	-0.095776	0.000630	0.000630
0.018240	-2.034210	-0.099968	0.000308	0.000308
0.018250	-2.021313	-0.103837	-0.000337	0.000308
0.018260	-2.008416	-0.108996	0.000308	-0.000015
0.018270	-1.997131	-0.112220	0.000308	0.000630
0.018280	-1.984234	-0.116734	-0.000015	0.000952
0.018290	-1.971982	-0.120603	0.000308	0.000308
0.018300	-1.960052	-0.110285	-0.000337	0.000308
0.018310	-1.945865	-0.129308	0.000308	0.000308
0.018320	-1.936192	-0.132533	0.000308	0.000630
0.018330	-1.922328	-0.134467	-0.000015	-0.000015
0.018340	-1.909109	-0.138014	0.000308	0.000952
0.018350	-1.898146	-0.141238	0.000630	0.000308
0.018360	-1.884927	-0.144140	0.000630	0.000952
0.018370	-1.872029	-0.148332	0.000630	0.000308
0.018380	-1.859777	-0.152523	0.000630	0.000308
0.018390	-1.847525	-0.154458	0.000308	0.000308
0.018400	-1.835273	-0.157682	0.000630	0.000630
0.018410	-1.822698	-0.158972	0.000630	0.000308
0.018420	-1.810123	-0.161229	0.000630	0.000308
0.018430	-1.797871	-0.162841	0.000630	0.000630
0.018440	-1.785619	-0.163486	-0.000015	-0.000015
0.018450	-1.773367	-0.165743	0.000630	0.000308
0.018460	-1.760147	-0.165743	0.000630	0.000308
0.018470	-1.748540	-0.163486	-0.000015	0.000308
0.018480	-1.734675	-0.161229	-0.000015	0.000308
0.018490	-1.723068	-0.159294	0.000952	0.000630
0.018500	-1.707914	-0.156715	0.000630	-0.000337
0.018510	-1.699531	-0.156070	-0.000015	0.000952
0.018520	-1.687279	-0.153491	-0.000015	0.000630
0.018530	-1.671157	-0.150266	-0.000015	0.000308
0.018540	-1.660517	-0.150266	0.000308	0.000630
0.018550	-1.650199	-0.150911	0.000630	0.000630
0.018560	-1.636013	-0.151234	0.000630	0.000630
0.018570	-1.623116	-0.153168	0.000952	0.000630
0.018580	-1.611186	-0.151234	0.000308	0.000308
0.018590	-1.599256	-0.150911	-0.000015	-0.000337
0.018600	-1.587649	-0.153813	0.000630	0.000308
0.018610	-1.575396	-0.157682	-0.000337	0.000630
0.018620	-1.562822	-0.161551	-0.000015	0.000630
0.018630	-1.549925	-0.165743	0.000308	-0.000015
0.018640	-1.536060	-0.170579	-0.000015	0.000308
0.018650	-1.524130	-0.177028	-0.000015	-0.000015
0.018660	-1.512523	-0.182509	0.000952	0.001275
0.018670	-1.498981	-0.188313	0.000308	0.000308
0.018680	-1.487374	-0.193472	0.000630	0.000952
0.018690	-1.474477	-0.198308	-0.000015	0.000630
0.018700	-1.463192	-0.204112	-0.000015	-0.000015
0.018710	-1.449327	-0.209271	0.000308	0.000630
0.018720	-1.437397	-0.215074	0.000308	0.000308
0.018730	-1.425790	-0.218943	-0.000015	0.000630
0.018740	-1.411926	-0.224425	0.000630	0.000952
0.018750	-1.400318	-0.229261	-0.000015	0.000308
0.018760	-1.388711	-0.234098	0.000308	-0.000337
0.018770	-1.376136	-0.238612	0.000952	0.000308
0.018780	-1.363239	-0.242803	-0.000015	0.000630
0.018790	-1.351309	-0.247317	0.000308	0.000308
0.018800	-1.338090	-0.252154	0.000630	0.000952
0.018810	-1.325837	-0.256345	0.000308	0.000308
0.018820	-1.312618	-0.260214	0.000308	-0.000015
0.018830	-1.301333	-0.265373	-0.000015	0.000630
0.018840	-1.289403	-0.268275	-0.000337	0.000952
0.018850	-1.276184	-0.271822	0.000308	0.000630
0.018860	-1.264576	-0.274723	0.000308	0.000308
0.018870	-1.252002	-0.277625	0.000630	0.000630
0.018880	-1.239427	-0.280527	-0.000015	0.000308
0.018890	-1.226852	-0.283107	0.000952	0.001275
0.018900	-1.214600	-0.287298	0.000630	0.000308
0.018910	-1.200736	-0.291490	-0.000015	0.000308
0.018920	-1.189451	-0.304709	-0.000015	-0.000015
0.018930	-1.177198	-0.315994	0.000630	0.000952
0.018940	-1.163979	-0.325667	-0.000015	0.000308
0.018950	-1.151082	-0.332760	0.000308	-0.000015
0.018960	-1.139474	-0.338887	0.000308	0.000630
0.018970	-1.129479	-0.345013	0.000308	0.000630
0.018980	-1.115292	-0.348237	0.000630	0.000308
0.018990	-1.102718	-0.352106	0.000308	0.000630
0.019000	-1.092078	-0.356620	0.000308	0.000308
0.019010	-1.077891	-0.359844	0.000308	0.000630
0.019020	-1.066606	-0.363069	0.000630	-0.000015
0.019030	-1.054676	-0.365648	0.000308	0.001275
0.019040	-1.041134	-0.366938	-0.000337	0.000630
0.019050	-1.028559	-0.368550	-0.000015	0.000308
0.019060	-1.015985	-0.371452	-0.000337	0.000630
0.019070	-1.002120	-0.371774	-0.000015	0.000308
0.019080	-0.991158	-0.372742	0.000308	-0.000015
0.019090	-0.980518	-0.373709	0.000308	-0.000015
0.019100	-0.967298	-0.374676	-0.000015	-0.000015
0.019110	-0.953434	-0.374354	0.000630	0.000630
0.019120	-0.941504	-0.374999	-0.000015	0.000308
0.019130	-0.930219	-0.376933	-0.000015	-0.000015
0.019140	-0.918289	-0.379190	-0.000015	0.000308
0.019150	-0.905392	-0.383059	0.000952	0.000630
0.019160	-0.892173	-0.385961	-0.000015	0.000308
0.019170	-0.880243	-0.388218	-0.000015	0.000952
0.019180	-0.866701	-0.391120	0.000308	0.000630
0.019190	-0.854771	-0.387896	0.000630	0.000308
0.019200	-0.843164	-0.383059	-0.000015	0.000630
0.019210	-0.828009	-0.390797	-0.000015	0.000308
0.019220	-0.818014	-0.394667	0.000952	0.000630
0.019230	-0.804150	-0.395634	0.000952	0.000308
0.019240	-0.793187	-0.404339	0.000630	0.000952
0.019250	-0.780935	-0.407564	0.000308	-0.000015
0.019260	-0.768360	-0.414012	0.000308	0.000952
0.019270	-0.756108	-0.418526	0.000308	0.000308
0.019280	-0.743856	-0.417237	0.000308	0.000308
0.019290	-0.732571	-0.428199	0.000630	0.000952
0.019300	-0.719996	-0.432068	0.000308	0.000952
0.019310	-0.706132	-0.434648	-0.000015	0.000308
0.019320	-0.694847	-0.468825	0.000952	0.000630
0.019330	-0.680982	-0.443031	-0.000015	-0.000015
0.019340	-0.668730	-0.382737	0.000630	0.000308
0.019350	-0.657768	-0.404339	0.000630	0.001275
0.019360	-0.644548	-0.453026	0.000308	0.000630
0.019370	-0.632296	-0.489460	-0.000015	0.000630
0.019380	-0.619721	-0.493007	0.000630	0.000308
0.019390	-0.607469	-0.460764	-0.000337	0.000952
0.019400	-0.595217	-0.441096	-0.000015	0.000308
0.019410	-0.582320	-0.503002	-0.000015	0.000308
0.019420	-0.570067	-0.557493	0.000308	0.000952
0.019430	-0.558460	-0.427877	0.000308	0.000308
0.019440	-0.545885	-0.555558	0.000308	0.000308
0.019450	-0.533955	-0.434648	0.000308	0.000952
0.019460	-0.519769	-0.552334	-0.000015	0.000630
0.019470	-0.508806	-0.430456	0.000308	-0.000337
0.019480	-0.496231	-0.533955	-0.000337	0.000630
0.019490	-0.482045	-0.555558	0.000308	0.000630
0.019500	-0.470437	-0.505904	0.000630	-0.000015
0.019510	-0.461087	-0.440451	0.000308	0.000308
0.019520	-0.446900	-0.446900	0.000308	0.000630
0.019530	-0.434648	-0.462376	0.000308	-0.000337
0.019540	-0.422073	-0.478498	0.000308	0.000630
0.019550	-0.410143	-0.475274	-0.000337	0.000308
0.019560	-0.398213	-0.479788	0.000952	0.000952
0.019570	-0.385639	-0.473661	0.000630	0.000308
0.019580	-0.374676	-0.481077	0.000308	0.000308
0.019590	-0.359844	-0.508161	-0.000015	0.000308
0.019600	-0.347915	-0.559105	0.000952	0.000630
0.019610	-0.335340	-0.590380	-0.000015	0.000308
0.019620	-0.322765	-0.526217	0.000630	0.000952
0.019630	-0.310191	0.017074	0.000630	0.000630
0.019640	-0.298261	-0.000015	0.000952	-0.000337
0.019650	-0.285686	-0.005819	-0.000015	-0.000015
0.019660	-0.273756	-0.266663	-0.000015	-0.000337
0.019670	-0.261826	-0.589735	0.000308	0.000630
0.019680	-0.250541	-0.532343	0.000308	0.000308
0.019690	-0.236355	-0.213140	0.000308	0.000308
0.019700	-0.225392	-0.432068	0.000630	0.000308
0.019710	-0.213785	-0.580385	0.000630	0.000630
0.019720	-0.198953	-0.587478	-0.000015	0.000308
0.019730	-0.187346	-0.563619	0.000630	-0.000015
0.019740	-0.174448	-0.612950	0.000308	0.000630
0.019750	-0.161229	-0.691623	0.000308	0.000308
0.019760	-0.150266	-0.693235	0.000630	0.000308
0.019770	-0.139949	-0.668085	0.000308	0.000308
0.019780	-0.125762	-0.637455	0.000630	0.000308
0.019790	-0.113510	-0.649707	0.000630	0.000308
0.019800	-0.099968	-0.601665	0.000630	0.000308
0.019810	-0.088360	-0.624558	0.000308	0.000630
0.019820	-0.075463	-0.719996	0.000630	0.000630
0.019830	-0.062566	-0.719351	0.000308	0.000308
0.019840	-0.050636	-0.660669	0.000308	0.000630
0.019850	-0.039029	-0.587478	-0.000015	-0.000015
0.019860	-0.024842	-0.597796	0.000952	0.000952
0.019870	-0.014524	-0.572002	0.000308	-0.000015
0.019880	-0.000982	-0.637777	0.000630	0.000952
0.019890	0.010303	-0.633586	0.000308	0.001275
0.019900	0.022233	-0.544596	-0.000015	0.000308
0.019910	0.035452	-0.502035	0.000308	0.000630
0.019920	0.047704	-0.695814	0.000630	0.000630
0.019930	0.059634	-0.636487	0.000308	0.000308
0.019940	0.072531	-0.663571	0.000308	0.000308
0.019950	0.084461	-0.686464	-0.000015	0.000630
0.019960	0.097358	-0.653898	-0.000015	0.000308
0.019970	0.108643	-0.669697	0.000952	0.000630
0.019980	0.119928	-0.708066	-0.000015	0.000630
0.019990	0.134115	-0.740632	0.000630	0.000308
0.020000	0.147012	-0.748370	0.000952	0.000308


