0.000067	0.153138	-0.072884	-0.000015	0.000308
0.000133	0.166358	-0.002594	0.000952	0.000630
0.000200	0.176353	-0.023875	0.000308	0.000630
0.000267	0.188283	0.001920	0.000308	0.000630
0.000333	0.200213	0.021910	0.000308	0.000630
0.000400	0.213110	-0.012267	0.000308	0.000630
0.000467	0.225685	0.017074	0.000630	0.000630
0.000533	0.238582	0.052541	-0.000015	0.000630
0.000600	0.248577	0.078658	-0.000015	0.000308
0.000667	0.262764	0.044803	0.000308	0.000952
0.000733	0.274694	0.103162	-0.000015	0.000308
0.000800	0.285979	0.064148	0.000308	0.000308
0.000867	0.298554	0.111868	0.000630	0.000630
0.000933	0.310483	0.082527	0.000308	-0.000337
0.001000	0.322091	0.141531	0.000952	0.000630
0.001067	0.335633	0.105742	0.000952	0.000630
0.001133	0.348207	0.119284	0.000308	0.000308
0.001200	0.358848	0.128311	0.000308	0.000630
0.001267	0.371422	0.164423	0.000308	0.000308
0.001333	0.383675	0.152494	0.000308	0.000308
0.001400	0.394637	0.177321	0.000630	0.000952
0.001467	0.407212	0.157330	0.000308	0.000952
0.001533	0.420431	0.208274	0.000630	0.000630
0.001600	0.433006	0.180867	0.000630	0.000630
0.001667	0.443969	0.160232	0.000952	0.000630
0.001733	0.458156	0.250834	0.000630	0.000308
0.001800	0.468151	0.200213	-0.000015	-0.000015
0.001867	0.481693	0.288558	0.000308	0.000952
0.001933	0.493623	0.264376	0.000952	0.000952
0.002000	0.505230	0.347563	0.000308	0.000630
0.002067	0.518450	0.380450	-0.000015	-0.000015
0.002133	0.530379	0.419787	0.000630	0.000952
0.002200	0.540375	0.380773	0.000308	0.000630
0.002267	0.553272	0.433006	-0.000015	0.000952
0.002333	0.566169	0.418819	0.000630	0.000630
0.002400	0.578421	0.455254	0.000630	0.000630
0.002467	0.590351	0.461380	-0.000015	0.000308
0.002533	0.603248	0.479758	0.000308	0.000630
0.002600	0.614211	0.382062	0.000308	0.000952
0.002667	0.625496	0.519417	0.000308	0.000630
0.002733	0.639683	0.505230	0.000630	0.000630
0.002800	0.650000	0.524898	0.000952	0.000630
0.002867	0.662253	0.475889	0.000308	0.000952
0.002933	0.673860	0.479758	-0.000015	0.000630
0.003000	0.685790	0.490076	0.000308	0.000952
0.003067	0.698365	0.506842	0.000308	0.000630
0.003133	0.711262	0.578099	0.000630	0.000630
0.003200	0.721580	0.521996	0.000630	0.000630
0.003267	0.734154	0.554562	0.000308	0.000308
0.003333	0.747051	0.549403	0.000630	0.001275
0.003400	0.757047	0.554239	0.000308	0.000308
0.003467	0.770911	0.558753	0.000630	0.000952
0.003533	0.782196	0.561655	0.000308	0.000630
0.003600	0.794126	0.593575	-0.000015	0.000630
0.003667	0.806056	0.642907	-0.000015	-0.000015
0.003733	0.817663	0.544244	0.000630	0.000630
0.003800	0.831205	0.587449	0.000630	0.000308
0.003867	0.842168	0.599379	0.000952	-0.000015
0.003933	0.854742	0.670958	-0.000015	-0.000015
0.004000	0.866350	0.674505	0.000308	0.000630
0.004067	0.878280	0.643229	0.000308	-0.000015
0.004133	0.891177	0.635169	0.000630	0.001275
0.004200	0.901495	0.622916	-0.000015	0.000630
0.004267	0.916004	0.734477	0.000308	0.000952
0.004333	0.926644	0.715131	-0.000015	0.001275
0.004400	0.937607	0.812504	0.000308	0.000630
0.004467	0.951149	0.735121	0.000630	0.000630
0.004533	0.963723	0.752210	0.000308	0.000630
0.004600	0.974041	0.733509	-0.000015	0.000630
0.004667	0.987583	0.782196	-0.000337	0.000308
0.004733	0.999191	0.830560	0.000630	0.000630
0.004800	1.009508	0.780906	0.000630	0.000952
0.004867	1.023373	0.803476	0.000630	0.000308
0.004933	1.034980	0.851196	0.000308	0.001275
0.005000	1.045620	0.901495	0.000308	0.000630
0.005067	1.061097	0.931158	-0.000015	-0.000015
0.005133	1.071092	0.770911	0.000630	0.000630
0.005200	1.082700	0.717710	0.000308	0.000308
0.005267	1.097531	0.864738	0.000308	0.000630
0.005333	1.108171	0.725126	0.000308	0.000952
0.005400	1.119134	0.697720	0.000630	0.000308
0.005467	1.132676	0.809280	0.000308	0.000952
0.005533	1.144606	0.880537	0.000308	0.000952
0.005600	1.155568	0.904719	-0.000015	0.000308
0.005667	1.167498	0.971784	-0.000015	0.000630
0.005733	1.180395	0.880214	0.000630	0.000308
0.005800	1.191036	1.031111	0.000952	0.000308
0.005867	1.203933	1.079475	-0.000015	0.000630
0.005933	1.217152	1.201676	0.000308	-0.000015
0.006000	1.230694	1.204900	0.000308	0.000952
0.006067	1.242302	1.300984	0.000630	0.000308
0.006133	1.253264	1.338708	0.000952	0.000952
0.006200	1.266484	1.280671	-0.000015	0.000308
0.006267	1.277769	1.308400	0.000630	0.000630
0.006333	1.288409	1.283895	-0.000015	-0.000015
0.006400	1.300339	1.217475	-0.000015	0.000630
0.006467	1.316138	1.261648	-0.000015	0.000952
0.006533	1.326133	1.267774	0.000630	0.000952
0.006600	1.338386	1.351605	-0.000015	0.000952
0.006667	1.351605	1.428988	0.000308	0.000308
0.006733	1.362568	1.378044	-0.000660	-0.000015
0.006800	1.373208	1.332259	-0.000337	0.000952
0.006867	1.385460	1.206835	0.000308	0.000630
0.006933	1.396745	1.304208	0.000308	0.000952
0.007000	1.409642	1.127840	0.000630	-0.000015
0.007067	1.423184	1.128807	-0.000015	0.000308
0.007133	1.433180	1.106559	-0.000015	0.000952
0.007200	1.445432	1.145896	0.000308	-0.000337
0.007267	1.458652	1.107204	0.000952	0.000308
0.007333	1.470259	1.230694	-0.000015	0.000630
0.007400	1.482511	1.274222	-0.000015	0.000952
0.007467	1.494764	1.362890	0.000630	0.000630
0.007533	1.507016	1.270353	0.000952	0.000952
0.007600	1.518301	1.312269	-0.000015	0.000952
0.007667	1.531843	1.267129	0.000630	0.000952
0.007733	1.543128	1.326778	0.000308	0.000952
0.007800	1.554413	1.268741	-0.000015	0.000308
0.007867	1.568278	1.298082	-0.000015	0.000630
0.007933	1.579563	1.408998	0.000308	0.000630
0.008000	1.591492	1.383848	0.000952	0.000308
0.008067	1.604390	1.444465	-0.000015	-0.000015
0.008133	1.615030	1.512820	0.000308	0.000630
0.008200	1.628572	1.588913	0.000308	-0.000015
0.008267	1.642436	1.557315	0.000630	-0.000337
0.008333	1.652109	1.464455	-0.000015	0.001275
0.008400	1.663394	1.491539	-0.000015	0.000630
0.008467	1.679193	1.544095	0.000308	0.000308
0.008533	1.688221	1.461876	-0.000015	0.000308
0.008600	1.701118	1.499923	-0.000015	0.000308
0.008667	1.712726	1.570212	0.000630	-0.000015
0.008733	1.724333	1.464455	0.000630	0.000952
0.008800	1.735941	1.508306	0.000630	0.000308
0.008867	1.749160	1.436404	0.000308	0.000308
0.008933	1.760123	1.325488	0.000308	0.000630
0.009000	1.772375	1.395456	-0.000015	0.000308
0.009067	1.785917	1.326133	0.000630	-0.000015
0.009133	1.795913	1.283573	-0.000015	-0.000015
0.009200	1.809132	1.357087	-0.000015	0.000952
0.009267	1.820417	1.386428	0.000308	0.000308
0.009333	1.832347	1.454138	-0.000015	0.000308
0.009400	1.844599	1.438983	0.000308	0.000630
0.009467	1.858786	1.463166	-0.000015	0.000308
0.009533	1.869104	1.548287	0.000952	0.000308
0.009600	1.881679	1.695637	0.000630	-0.000015
0.009667	1.894576	1.758511	-0.000015	-0.000015
0.009733	1.905216	1.753352	-0.000015	0.000308
0.009800	1.917469	1.813646	0.000630	0.000952
0.009867	1.931333	1.692735	-0.000015	0.000308
0.009933	1.940683	1.575693	-0.000982	0.000630
0.010000	1.953258	1.657268	-0.000337	0.000308
0.010067	1.967123	1.736263	-0.000015	0.000630
0.010133	1.976473	1.642114	0.000308	-0.000337
0.010200	1.990338	1.638890	-0.000337	0.000308
0.010267	2.003880	1.751740	0.000308	0.000308
0.010333	2.013553	1.792366	-0.000337	0.000308
0.010400	2.027417	1.682740	0.000630	-0.000660
0.010467	2.039347	1.667263	0.000630	0.000308
0.010533	2.049987	1.459297	-0.000337	0.000630
0.010600	2.063207	1.539581	-0.000337	0.000952
0.010667	2.075781	1.754964	0.000630	0.000952
0.010733	2.084809	1.580207	-0.000337	-0.000015
0.010800	2.098996	1.484124	0.000630	0.000308
0.010867	2.112861	1.710146	0.000308	0.000630
0.010933	2.122856	1.755287	-0.000015	0.000630
0.011000	2.135431	1.767539	-0.000015	0.000630
0.011067	2.148973	1.756899	0.000308	0.000308
0.011133	2.159936	1.774632	0.000308	0.000308
0.011200	2.172188	1.712403	-0.000337	-0.000015
0.011267	2.184763	1.653076	0.000308	0.000308
0.011333	2.151875	1.877487	0.000308	-0.000015
0.011400	2.208300	1.877810	-0.000015	0.000308
0.011467	2.221842	2.123501	-0.000015	-0.000015
0.011533	2.232805	2.039992	0.000630	0.000308
0.011600	2.245057	2.171543	0.000630	0.000308
0.011667	2.258277	2.239898	0.000630	0.000308
0.011733	2.269884	2.147683	0.000308	0.001275
0.011800	2.280847	2.108024	-0.000015	-0.000337
0.011867	2.292777	2.126725	-0.000015	0.000308
0.011933	2.305996	2.146716	0.000952	0.000630
0.012000	2.318249	2.232160	-0.000015	0.000308
0.012067	2.329534	2.025805	-0.000015	0.000308
0.012133	2.340496	2.108024	-0.000337	0.000308
0.012200	2.352426	2.109314	-0.000015	0.000308
0.012267	2.365646	2.232805	0.000308	0.000630
0.012333	2.377253	2.037090	0.000308	-0.000015
0.012400	2.390151	2.085132	0.000630	-0.000015
0.012467	2.404015	2.273753	-0.000015	-0.000015
0.012533	2.413365	2.069655	0.000308	0.000630
0.012600	2.426263	2.239253	0.000630	0.000630
0.012667	2.438515	2.252473	-0.000015	0.000308
0.012733	2.450123	2.349524	-0.000015	0.000308
0.012800	2.462052	2.443351	-0.000337	0.000952
0.012867	2.474950	2.529763	-0.000015	-0.000660
0.012933	2.486557	2.415300	-0.000015	0.000630
0.013000	2.498165	2.552010	0.000630	-0.000015
0.013067	2.513319	2.477529	0.000308	0.000952
0.013133	2.522992	2.504936	-0.000337	0.000630
0.013200	2.535889	2.397889	-0.000015	0.000630
0.013267	2.549753	2.441094	0.000308	0.000630
0.013333	2.559104	2.445286	-0.000337	-0.000015
0.013400	2.570711	2.296323	-0.000015	0.000308
0.013467	2.584253	2.219908	0.000630	0.000308
0.013533	2.594894	2.212492	0.000630	0.000308
0.013600	2.606179	2.118987	0.000308	0.000630
0.013667	2.619721	2.110604	-0.000337	-0.000015
0.013733	2.630361	2.294711	0.000308	0.000630
0.013800	2.642613	2.203786	0.000630	-0.000015
0.013867	2.656155	2.456571	-0.000015	0.000630
0.013933	2.666151	2.129950	0.000308	0.000630
0.014000	2.677436	2.043216	-0.000337	0.000630
0.014067	2.693557	2.286328	-0.000337	0.000630
0.014133	2.705810	2.785450	-0.000337	0.000952
0.014200	2.715805	2.849614	-0.000015	0.000952
0.014267	2.729992	2.647127	-0.000015	0.000630
0.014333	2.739665	2.558459	-0.000015	-0.000015
0.014400	2.753207	2.746436	-0.000015	0.000308
0.014467	2.765782	2.707744	-0.000337	0.000630
0.014533	2.776422	2.789964	-0.000015	0.000308
0.014600	2.788352	2.686464	0.000630	0.000630
0.014667	2.799959	2.501389	-0.000015	0.000952
0.014733	2.813179	2.716772	0.000630	0.000308
0.014800	2.824142	2.769328	-0.000015	-0.000015
0.014867	2.837039	2.762235	0.000630	0.000308
0.014933	2.847679	2.635197	0.000308	0.000630
0.015000	2.860899	2.711936	0.000308	0.000308
0.015067	2.872506	2.585543	0.000308	0.000308
0.015133	2.882824	2.754497	0.000308	0.000308
0.015200	2.897656	2.582641	0.000952	-0.000015
0.015267	2.909586	2.631973	-0.000337	0.000952
0.015333	2.919581	2.753207	0.000308	0.000630
0.015400	2.932801	2.569744	0.000630	0.000630
0.015467	2.944731	2.522992	0.000630	0.000308
0.015533	2.956016	2.667440	0.000308	-0.000015
0.015600	2.968913	2.719997	-0.000015	-0.000015
0.015667	2.981810	2.564263	-0.000337	0.000952
0.015733	2.993740	2.609725	-0.000015	0.000308
0.015800	3.005670	2.515898	-0.000015	0.000630
0.015867	3.018567	2.716450	-0.000337	0.000308
0.015933	3.029852	2.633263	0.000308	0.000630
0.016000	3.042105	2.594249	0.001275	-0.000337
0.016067	3.053712	2.839618	0.000308	0.000308
0.016133	3.065642	2.612305	0.000630	-0.000015
0.016200	3.078539	2.982777	-0.000015	0.000630
0.016267	3.088535	2.631006	0.000630	-0.000015
0.016333	3.101110	2.806086	0.000308	-0.000015
0.016400	3.116909	2.898946	0.000952	-0.000015
0.016467	3.126259	2.778356	-0.000015	0.000630
0.016533	3.137867	3.064352	0.000630	0.000630
0.016600	3.151409	3.100142	0.000630	0.001275
0.016667	3.162694	2.780936	-0.000337	0.000308
0.016733	3.174301	2.774810	0.000308	-0.000015
0.016800	3.186554	2.896688	0.000630	0.000630
0.016867	3.199129	2.627782	-0.000015	-0.000015
0.016933	3.209769	2.807375	0.000308	-0.000015
0.017000	3.223956	2.902170	-0.000015	0.000630
0.017067	3.235563	3.170432	0.000308	0.001275
0.017133	3.135932	3.271353	0.000630	-0.000015
0.017200	3.141736	3.131418	0.000630	-0.000015
0.017267	3.109493	3.103367	-0.000337	0.000630
0.017333	3.097240	3.229115	-0.000337	-0.000337
0.017400	3.084021	3.326811	0.000630	0.000952
0.017467	3.070479	3.540261	0.000308	0.000630
0.017533	3.055647	3.227502	-0.000015	-0.000015
0.017600	3.043072	3.300372	0.000308	0.000630
0.017667	3.029530	3.516078	-0.000337	0.000952
0.017733	3.015665	3.281993	0.000308	0.000308
0.017800	3.003735	3.185586	-0.000015	0.001597
0.017867	2.990193	3.124969	-0.000015	0.000952
0.017933	2.975684	2.980520	-0.000015	0.000308
0.018000	2.963432	3.063385	0.000308	0.000630
0.018067	2.949567	3.122068	0.001275	0.000952
0.018133	2.936992	3.119488	0.000630	-0.000015
0.018200	2.924418	3.310045	-0.000337	0.000630
0.018267	2.912165	3.050488	0.000630	0.000952
0.018333	2.897656	3.241045	0.001275	0.000308
0.018400	2.883469	3.143348	0.000630	0.000952
0.018467	2.869604	2.513641	-0.000015	0.000630
0.018533	2.856385	2.933446	0.000952	0.000952
0.018600	2.844777	2.824786	0.000630	0.000630
0.018667	2.830590	2.511062	-0.000015	0.000952
0.018733	2.815758	2.535566	0.000308	0.000308
0.018800	2.805763	2.428520	0.000308	0.000630
0.018867	2.791576	2.681950	0.000308	-0.000015
0.018933	2.776744	2.684207	0.000952	-0.000015
0.019000	2.766104	2.784483	0.000630	-0.000015
0.019067	2.753207	2.998577	0.000308	0.000630
0.019133	2.739342	2.871539	0.000952	-0.000015
0.019200	2.727090	3.115941	0.000308	0.000630
0.019267	2.714838	3.237498	0.000308	0.001275
0.019333	2.700973	3.054680	0.000308	0.000308
0.019400	2.688076	3.159470	-0.000015	0.000630
0.019467	2.674211	2.708389	-0.000015	0.000308
0.019533	2.660347	2.704198	0.000630	0.000308
0.019600	2.649062	2.807698	0.000630	0.000308
0.019667	2.635520	2.656155	0.000952	0.000308
0.019733	2.621010	2.483333	0.000308	0.000952
0.019800	2.608436	2.359520	0.000308	0.000630
0.019867	2.595216	2.535889	0.000630	0.000630
0.019933	2.581674	2.508805	-0.000337	0.000630
0.020000	2.569744	2.651319	0.000630	0.000630
0.020067	2.557492	2.470113	-0.000015	0.000952
0.020133	2.543627	2.573936	0.000630	-0.000015
0.020200	2.531052	2.694847	-0.000015	0.000630
0.020267	2.519767	2.645193	0.000308	0.000308
0.020333	2.504613	2.494940	0.000630	0.000308
0.020400	2.493006	2.478496	-0.000015	0.000308
0.020467	2.479141	2.330501	-0.000015	-0.000015
0.020533	2.468179	2.895076	-0.000337	0.000630
0.020600	2.453024	2.517833	0.000952	0.000308
0.020667	2.440772	2.641646	0.000630	0.000630
0.020733	2.426908	2.640034	-0.000337	0.000952
0.020800	2.414010	2.375964	-0.000015	0.000952
0.020867	2.400146	2.488814	0.000308	0.000952
0.020933	2.388861	2.463987	0.000308	-0.000015
0.021000	2.374996	2.364034	0.000952	-0.000015
0.021067	2.364034	2.463987	-0.000337	0.000952
0.021133	2.348235	2.214749	0.000308	-0.000337
0.021200	2.336305	2.174445	0.000952	0.000630
0.021267	2.322440	2.045473	0.000308	0.000952
0.021333	2.308576	2.044828	0.000630	0.000630
0.021400	2.297613	2.168641	-0.000015	0.000630
0.021467	2.283104	2.074169	-0.000337	0.000308
0.021533	2.271496	2.032576	0.000630	0.000308
0.021600	2.258922	2.029996	-0.000337	0.000630
0.021667	2.244735	2.117375	0.000952	0.000308
0.021733	2.232160	2.073847	0.000308	0.000952
0.021800	2.221842	2.150585	0.000630	0.000630
0.021867	2.207333	2.300193	-0.000015	0.000308
0.021933	2.193146	2.046440	0.000630	0.001275
0.022000	2.181861	2.172510	-0.000015	0.000630
0.022067	2.167674	2.049020	0.000630	0.000630
0.022133	2.155099	2.219585	-0.000015	0.000952
0.022200	2.144137	2.233772	0.000630	0.000308
0.022267	2.130917	2.142847	-0.000015	0.001275
0.022333	2.117375	2.079328	0.000308	-0.000015
0.022400	2.105445	2.236996	0.000630	0.000630
0.022467	2.091580	2.082552	-0.000015	0.000308
0.022533	2.078038	2.069655	0.000630	0.000630
0.022600	2.067076	1.988725	0.000630	0.000308
0.022667	2.053211	1.990338	0.000308	0.000630
0.022733	2.040314	1.963576	0.000630	-0.000015
0.022800	2.028384	2.021936	0.000630	0.000308
0.022867	2.014520	2.074814	0.000630	0.000308
0.022933	2.001623	2.008716	0.000630	0.000308
0.023000	1.990015	2.011618	0.000308	-0.000015
0.023067	1.974861	1.980987	0.000308	0.000952
0.023133	1.963576	1.960029	0.000630	-0.000015
0.023200	1.951001	1.844277	0.000952	0.000630
0.023267	1.936492	1.810422	0.000630	0.000308
0.023333	1.924884	1.927464	-0.000337	0.000308
0.023400	1.912954	1.856852	-0.000015	0.000630
0.023467	1.897800	1.912954	-0.000015	0.000630
0.023533	1.886838	2.006137	-0.000015	0.000308
0.023600	1.874585	1.932945	-0.000015	-0.000015
0.023667	1.860076	1.850403	0.000308	0.000952
0.023733	1.847824	1.897800	0.000952	-0.000015
0.023800	1.837506	2.120599	-0.000337	0.000308
0.023867	1.821707	2.128660	0.000952	0.000308
0.023933	1.810744	2.155422	0.000952	-0.000337
0.024000	1.798170	1.979697	-0.000337	0.000630
0.024067	1.784305	1.996141	-0.000015	0.000952
0.024133	1.772375	2.016777	0.000308	0.000308
0.024200	1.760123	1.945197	-0.000015	0.000308
0.024267	1.746581	1.940361	0.000308	0.000308
0.024333	1.733684	2.000010	0.000308	0.000308
0.024400	1.721754	2.022258	0.000308	0.000952
0.024467	1.707567	1.964866	0.000308	0.000308
0.024533	1.695315	1.968090	0.000630	0.000630
0.024600	1.683062	2.021291	0.000630	0.000308
0.024667	1.669198	2.008716	0.000308	0.000952
0.024733	1.657590	1.910375	-0.000337	0.000952
0.024800	1.644371	1.837506	0.000308	-0.000015
0.024867	1.631151	1.762380	-0.000015	0.000630
0.024933	1.617287	1.820417	0.000308	-0.000660
0.025000	1.606324	1.756899	0.000630	0.000952
0.025067	1.591492	1.735296	-0.000015	0.000630
0.025133	1.581497	1.839441	0.000308	0.000308
0.025200	1.568922	1.504114	0.000308	0.000952
0.025267	1.552479	1.661782	-0.000015	0.000952
0.025333	1.542806	1.663394	0.000630	0.000308
0.025400	1.529264	1.602133	-0.000015	0.000630
0.025467	1.515399	1.643404	-0.000015	-0.000015
0.025533	1.505081	1.405128	0.001275	-0.000015
0.025600	1.491862	1.413512	-0.000337	-0.000337
0.025667	1.477997	1.600520	0.000630	0.000308
0.025733	1.467357	1.424474	0.000952	0.000952
0.025800	1.453493	1.340320	0.000630	0.000630
0.025867	1.437049	1.233596	0.000308	0.000630
0.025933	1.427376	1.301629	0.000630	0.000308
0.026000	1.415124	1.241657	0.000630	0.000630
0.026067	1.399970	1.326133	0.000308	0.000308
0.026133	1.390619	1.251652	0.000308	0.000308
0.026200	1.376110	1.219732	-0.000337	0.000630
0.026267	1.361601	1.177816	0.000630	-0.000015
0.026333	1.351928	1.240367	-0.000015	0.000630
0.026400	1.338386	1.258101	0.000308	0.000952
0.026467	1.324199	1.227470	0.000630	0.000308
0.026533	1.313236	1.275512	-0.000015	0.000308
0.026600	1.300339	1.359344	0.000308	0.000630
0.026667	1.285830	1.334839	0.000308	0.000630
0.026733	1.275190	1.238110	-0.000337	-0.000337
0.026800	1.261325	1.128484	0.000308	0.001275
0.026867	1.248750	1.102045	0.000952	0.000630
0.026933	1.236821	1.075284	0.000308	0.000308
0.027000	1.224246	1.026919	0.000308	-0.000015
0.027067	1.209736	1.038204	0.000308	-0.000337
0.027133	1.199096	1.025630	-0.000015	-0.000015
0.027200	1.185232	1.049489	-0.000337	0.000630
0.027267	1.171045	1.041106	-0.000337	-0.000015
0.027333	1.161050	1.120424	0.000308	-0.000660
0.027400	1.147830	1.081410	-0.000015	0.000308
0.027467	1.133966	1.057873	-0.000015	0.000630
0.027533	1.122358	1.041106	-0.000015	-0.000015
0.027600	1.109784	1.034980	0.000630	0.000630
0.027667	1.095274	1.003060	-0.000015	-0.000015
0.027733	1.084312	1.104947	0.000308	-0.000015
0.027800	1.071415	1.067868	-0.000015	0.000952
0.027867	1.058840	1.021116	-0.000337	-0.000015
0.027933	1.046588	1.009186	0.000952	0.000952
0.028000	1.034013	1.063999	0.000308	0.000630
0.028067	1.019826	1.019504	-0.000337	0.000308
0.028133	1.008219	0.997256	-0.000015	-0.000015
0.028200	0.996289	0.996611	-0.000015	0.000308
0.028267	0.983069	0.965980	0.000630	0.000308
0.028333	0.969849	0.977910	-0.000015	-0.000015
0.028400	0.957275	0.956630	0.000630	0.000308
0.028467	0.944055	0.935994	-0.000015	-0.000337
0.028533	0.932770	0.940831	-0.000015	0.000308
0.028600	0.918906	0.872476	-0.000015	-0.000015
0.028667	0.906009	0.863126	-0.000337	-0.000015
0.028733	0.893756	0.896013	-0.000015	0.000952
0.028800	0.880537	0.852808	0.000630	0.000308
0.028867	0.868284	0.943088	0.000952	0.000630
0.028933	0.856032	0.931480	0.000308	0.000952
0.029000	0.842813	0.886663	-0.000015	-0.000337
0.029067	0.829593	0.908910	-0.000337	0.000952
0.029133	0.820243	0.896658	0.000630	-0.000015
0.029200	0.806701	0.874088	0.000308	0.000308
0.029267	0.792836	0.917616	-0.000015	-0.000015
0.029333	0.782196	0.955018	0.000630	-0.000015
0.029400	0.767364	0.949536	-0.000015	0.000308
0.029467	0.754790	0.886018	0.000308	-0.000015
0.029533	0.742537	0.863770	-0.000015	-0.000015
0.029600	0.730607	0.817341	0.000630	0.000308
0.029667	0.715131	0.880537	-0.000660	-0.000015
0.029733	0.705458	0.802831	0.000308	-0.000015
0.029800	0.692561	0.819920	0.000630	-0.000015
0.029867	0.677407	0.777682	0.000308	0.000308
0.029933	0.667412	0.782841	0.000308	0.000308
0.030000	0.654192	0.748341	0.000308	-0.000015
0.030067	0.641940	0.748986	0.000630	-0.000015
0.030133	0.629687	0.797995	-0.000015	-0.000337
0.030200	0.616790	0.697720	-0.000015	0.000308
0.030267	0.604860	0.703524	-0.000015	0.000952
0.030333	0.591641	0.810247	-0.000015	0.000308
0.030400	0.578099	0.630977	0.000308	0.000308
0.030467	0.565524	0.629365	0.000308	0.000630
0.030533	0.553917	0.662575	0.000308	0.000952
0.030600	0.539730	0.711907	-0.000015	0.000952
0.030667	0.525543	0.643552	-0.000015	0.000308
0.030733	0.514903	0.661285	0.000952	-0.000015
0.030800	0.502006	0.638071	-0.000337	-0.000015
0.030867	0.488786	0.602281	0.000630	0.000308
0.030933	0.475889	0.603893	-0.000337	0.000630
0.031000	0.462992	0.521996	0.000630	0.000308
0.031067	0.452674	0.576164	0.000952	0.000952
0.031133	0.439132	0.589061	-0.000337	0.000308
0.031200	0.425913	0.479113	-0.000337	-0.000337
0.031267	0.413983	0.568104	0.000630	0.000630
0.031333	0.400441	0.493300	0.000630	0.000308
0.031400	0.388189	0.488786	0.000308	0.000630
0.031467	0.374002	0.488786	-0.000015	0.000630
0.031533	0.364329	0.548113	-0.000660	0.000952
0.031600	0.352077	0.494267	-0.000015	-0.000015
0.031667	0.337567	0.431072	0.000308	-0.000015
0.031733	0.324670	0.454609	-0.000015	0.000630
0.031800	0.312418	0.406889	0.000308	-0.000015
0.031867	0.299843	0.481693	-0.000660	0.000308
0.031933	0.288236	0.380128	0.000952	-0.000015
0.032000	0.274694	0.374969	-0.000015	0.000308
0.032067	0.262764	0.381095	-0.000337	-0.000337
0.032133	0.249867	0.377548	-0.000015	0.000308
0.032200	0.236647	0.292750	0.000308	0.000630
0.032267	0.225040	0.347240	0.000308	-0.000015
0.032333	0.212143	0.339179	-0.000015	0.001275
0.032400	0.197311	0.284689	0.000308	0.000952
0.032467	0.187638	0.274049	0.000952	-0.000015
0.032533	0.174741	0.295007	0.000308	0.000630
0.032600	0.162489	0.282755	0.000308	0.000308
0.032667	0.148302	0.258572	0.000308	0.000308
0.032733	0.137984	0.222783	-0.000015	0.000952
0.032800	0.124120	0.189895	0.000308	-0.000660
0.032867	0.111545	0.132181	0.000630	0.000630
0.032933	0.098003	0.120573	0.000630	-0.000337
0.033000	0.084784	0.169260	0.000630	0.000952
0.033067	0.073176	0.176676	0.000630	0.000630
0.033133	0.063503	0.094134	0.000630	-0.000015
0.033200	0.046737	0.081882	0.000308	0.000630
0.033267	0.035452	0.141209	0.000308	-0.000015
0.033333	0.025135	0.044803	0.000308	0.000630
0.033400	0.009336	0.087363	-0.000015	0.000952
0.033467	-0.000660	0.080915	0.000630	-0.000015
0.033533	-0.012912	0.003854	-0.000015	0.000630
0.033600	-0.027099	0.083172	-0.000337	0.000308
0.033667	-0.038384	-0.028711	0.000308	0.000308
0.033733	-0.052248	0.053831	0.000630	0.000308
0.033800	-0.066113	-0.053538	-0.000015	0.000630
0.033867	-0.077720	0.034163	0.000630	0.000308
0.033933	-0.088360	-0.065468	0.000308	0.000630
0.034000	-0.103192	-0.053215	-0.000015	0.000630
0.034067	-0.117056	0.001920	0.000308	0.000630
0.034133	-0.126084	0.020298	0.000630	0.000630
0.034200	-0.139626	0.008368	-0.000015	0.000308
0.034267	-0.151234	-0.011622	-0.000337	0.000952
0.034333	-0.162841	0.004499	-0.000015	0.000630
0.034400	-0.177350	0.000952	-0.000015	0.000308
0.034467	-0.190892	-0.115767	0.000952	-0.000015
0.034533	-0.198953	-0.064500	0.000630	0.000630
0.034600	-0.216364	-0.072884	0.000308	0.000308
0.034667	-0.226359	-0.069014	0.000952	0.001275
0.034733	-0.239256	-0.169934	0.000308	-0.000015
0.034800	-0.252154	-0.057407	-0.000015	0.000952
0.034867	-0.263761	-0.193794	0.000630	0.000308
0.034933	-0.275046	-0.099645	0.000308	0.000630
0.035000	-0.289233	-0.130598	-0.000015	0.000308
0.035067	-0.302130	-0.155425	-0.000015	0.000630
0.035133	-0.313092	-0.164453	0.000308	0.001275
0.035200	-0.325989	-0.184121	-0.000015	0.001275
0.035267	-0.338242	-0.261181	0.000308	-0.000660
0.035333	-0.349849	-0.324377	0.000630	0.000952
0.035400	-0.364358	-0.300840	0.000630	0.000630
0.035467	-0.378868	-0.312770	-0.000337	0.000308
0.035533	-0.389830	-0.325667	0.000630	0.000630
0.035600	-0.402727	-0.325989	0.000308	-0.000015
0.035667	-0.414012	-0.192504	0.000630	-0.000015
0.035733	-0.424008	-0.199920	0.000952	0.000952
0.035800	-0.438517	-0.293424	0.000630	0.000952
0.035867	-0.451414	-0.321475	0.000308	0.000630
0.035933	-0.461732	-0.207336	-0.000015	0.000952
0.036000	-0.476563	-0.309223	0.000308	0.000308
0.036067	-0.489460	-0.354363	0.000630	0.000952
0.036133	-0.500423	-0.284074	0.000630	0.000308
0.036200	-0.512998	-0.280850	0.000308	0.000308
0.036267	-0.525572	-0.282139	0.000630	0.000630
0.036333	-0.536857	-0.401438	0.000308	0.000952
0.036400	-0.552979	-0.394667	-0.000015	-0.000015
0.036467	-0.562651	-0.408209	0.000308	0.000630
0.036533	-0.576838	-0.437872	0.000630	0.000308
0.036600	-0.590703	-0.508484	0.000630	0.000952
0.036667	-0.599086	-0.355975	-0.000015	0.000630
0.036733	-0.614240	-0.533955	0.000308	0.000952
0.036800	-0.627137	-0.524283	0.000630	0.001597
0.036867	-0.638744	-0.498488	0.000308	0.000630
0.036933	-0.650997	-0.560394	-0.000015	-0.000015
0.037000	-0.662926	-0.459475	0.000630	0.000630
0.037067	-0.676468	-0.568133	0.000308	0.000630
0.037133	-0.688076	-0.512353	0.000308	0.000308
0.037200	-0.701618	-0.635520	0.000630	0.000952
0.037267	-0.715482	-0.543306	0.000630	0.000308
0.037333	-0.728379	-0.626170	-0.000337	0.000308
0.037400	-0.739342	-0.756430	0.000308	0.000308
0.037467	-0.751594	-0.727090	0.000952	-0.000015
0.037533	-0.762234	-0.653254	0.000630	0.000308
0.037600	-0.777388	-0.609081	-0.000015	0.000630
0.037667	-0.790285	-0.733538	0.000952	0.000308
0.037733	-0.801570	-0.651964	0.000308	0.000630
0.037800	-0.813500	-0.708389	-0.000015	0.000308
0.037867	-0.828009	-0.751916	0.000952	0.000308
0.037933	-0.837037	-0.700651	0.001275	0.000952
0.038000	-0.853481	-0.790608	-0.000015	0.000308
0.038067	-0.864121	-0.695492	-0.000015	0.000630
0.038133	-0.873472	-0.763524	0.000630	0.000308
0.038200	-0.890883	-0.798024	0.000308	-0.000337
0.038267	-0.899588	-0.773519	0.000952	0.000630
0.038333	-0.914098	-0.719351	0.000630	0.000952
0.038400	-0.928929	-0.912485	0.000308	0.000308
0.038467	-0.939569	-0.928929	0.000630	-0.000015
0.038533	-0.952144	-0.863799	-0.000015	0.001275
0.038600	-0.965364	-0.817369	-0.000337	0.000952
0.038667	-0.976326	-0.882500	0.000630	0.000308
0.038733	-0.988901	-1.027592	0.000308	0.000952
0.038800	-1.002443	-0.972457	0.000308	-0.000015
0.038867	-1.014050	-1.001475	-0.000015	0.000630
0.038933	-1.026947	-1.064994	0.000952	0.000630
0.039000	-1.039522	-0.953434	0.000630	0.000952
0.039067	-1.049517	-0.972457	0.000308	0.000308
0.039133	-1.062092	-1.101428	-0.000015	0.000308
0.039200	-1.075311	-1.114325	-0.000015	0.000630
0.039267	-1.089821	-1.108199	0.000308	-0.000015
0.039333	-1.100783	-1.127222	0.000630	0.000952
0.039400	-1.113035	-1.017597	0.000630	0.000630
0.039467	-1.124320	-1.088853	-0.000337	0.000308
0.039533	-1.137540	-1.079825	0.000308	0.000952
0.039600	-1.151727	-1.040489	0.000630	0.000308
0.039667	-1.162689	-1.041456	0.000308	0.000308
0.039733	-1.174941	-1.042746	0.000630	0.000630
0.039800	-1.188161	-1.135928	0.000630	0.000630
0.039867	-1.200091	-1.099171	0.000308	0.000308
0.039933	-1.212665	-0.961172	0.000308	0.000308
0.040000	-1.225563	-0.985676	-0.000337	0.000952
0.040067	-1.236525	-1.066928	0.000308	0.000630
0.040133	-1.249100	-1.013083	0.000308	0.000630
0.040200	-1.261352	-1.012760	0.000630	0.000952
0.040267	-1.273282	-1.055321	0.000308	0.000630
0.040333	-1.284889	-0.965686	0.000308	0.000630
0.040400	-1.298754	-0.946985	0.000308	0.000308
0.040467	-1.311006	-0.992770	0.000308	0.000308
0.040533	-1.324225	-0.989868	-0.000337	0.000952
0.040600	-1.336800	-0.999218	-0.000015	-0.000015
0.040667	-1.348085	-1.035653	0.000630	0.000308
0.040733	-1.360982	-0.988256	0.000308	0.000952
0.040800	-1.373879	-1.020176	-0.000015	0.000308
0.040867	-1.385164	-1.079825	0.000308	0.000308
0.040933	-1.397739	-1.036620	-0.000337	0.000630
0.041000	-1.410313	-1.070797	0.000308	0.000630
0.041067	-1.421598	-1.040812	0.000308	0.000308
0.041133	-1.434496	-1.084984	0.000308	0.000630
0.041200	-1.446748	-1.080793	0.000308	0.000308
0.041267	-1.459000	-1.084984	0.000308	-0.000015
0.041333	-1.473187	-1.128189	0.000308	0.000630
0.041400	-1.486406	-1.109811	0.000308	0.000952
0.041467	-1.497369	-1.121096	0.000952	0.000630
0.041533	-1.509299	-1.147535	-0.000015	0.000952
0.041600	-1.523485	-1.196867	-0.000015	0.000308
0.041667	-1.535415	-1.185259	0.000952	0.000952
0.041733	-1.546378	-1.293595	0.000952	0.000308
0.041800	-1.559275	-1.172362	-0.000015	0.000952
0.041867	-1.570560	-1.210086	0.000308	0.000952
0.041933	-1.584102	-1.189451	0.000630	0.000308
0.042000	-1.596999	-1.233623	0.000308	0.000630
0.042067	-1.608929	-1.359048	0.000630	-0.000015
0.042133	-1.620859	-1.391935	0.000630	0.000952
0.042200	-1.634723	-1.451907	0.000630	0.000630
0.042267	-1.645363	-1.374202	0.000308	0.000308
0.042333	-1.658260	-1.399029	-0.000015	0.000630
0.042400	-1.672447	-1.258450	0.000308	0.000308
0.042467	-1.680830	-1.418697	0.000630	0.000308
0.042533	-1.697274	-1.641171	-0.000015	0.000630
0.042600	-1.711138	-1.710816	0.000308	0.000630
0.042667	-1.721133	-1.724035	0.000630	-0.000015
0.042733	-1.733063	-2.020668	0.000308	0.000308
0.042800	-1.748540	-1.895244	-0.000015	0.000952
0.042867	-1.758535	-1.725970	-0.000660	0.000308
0.042933	-1.769498	-1.761759	0.000952	0.000952
0.043000	-1.784007	-1.687279	-0.000015	-0.000015
0.043067	-1.794969	-1.705979	-0.000015	-0.000337
0.043133	-1.807222	-1.709848	-0.000015	0.000308
0.043200	-1.818506	-1.599901	-0.000337	-0.000015
0.043267	-1.831726	-1.813670	-0.000337	-0.000015
0.043333	-1.846235	-1.703078	0.000308	0.000308
0.043400	-1.857843	-1.787231	0.000630	-0.000015
0.043467	-1.869128	-1.638914	0.000630	0.000308
0.043533	-1.881702	-1.529612	0.000308	0.000308
0.043600	-1.894277	-1.492210	-0.000015	-0.000015
0.043667	-1.905239	-1.448037	0.000308	0.000308
0.043733	-1.917492	-1.457388	-0.000015	0.000630
0.043800	-1.931034	-1.488341	0.000308	0.000630
0.043867	-1.941996	-1.265866	0.000630	0.000308
0.043933	-1.958118	-1.521873	0.000630	0.000630
0.044000	-1.967468	-1.472542	0.000630	0.000308
0.044067	-1.980365	-1.507364	-0.000015	0.000952
0.044133	-1.992617	-1.371622	-0.000015	0.000630
0.044200	-2.005514	-1.588938	-0.000660	-0.000337
0.044267	-2.017444	-1.550892	0.000630	-0.000015
0.044333	-2.030341	-1.808189	0.000308	0.000630
0.044400	-2.042593	-1.689858	-0.000337	0.000308
0.044467	-2.053234	-1.663419	0.000952	-0.000015
0.044533	-2.067098	-1.926842	0.000630	0.000630
0.044600	-2.080317	-1.919426	0.000308	-0.000337
0.044667	-2.090958	-1.723068	0.000308	0.000308
0.044733	-2.104500	-1.717909	-0.000660	0.000630
0.044800	-2.116752	-1.749507	-0.000015	-0.000337
0.044867	-2.129004	-1.777558	0.000952	-0.000015
0.044933	-2.140611	-2.015832	0.000308	0.000308
0.045000	-2.154476	-2.035500	-0.000337	-0.000015
0.045067	-2.167373	-2.156733	0.000630	0.000630
0.045133	-2.178658	-2.293442	0.000308	0.000630
0.045200	-2.190910	-1.951669	0.000308	0.000952
0.045267	-2.202840	-2.141901	-0.000015	0.000952
0.045333	-2.215414	-2.086121	-0.000337	-0.000660
0.045400	-2.226699	-2.066453	0.000308	0.000308
0.045467	-2.240241	-2.210256	-0.000337	0.000308
0.045533	-2.252171	-2.161569	-0.000015	0.000308
0.045600	-2.262489	-2.197036	-0.000015	0.000308
0.045667	-2.276353	-2.130939	0.000308	0.000308
0.045733	-2.288605	-2.085476	-0.000015	0.000630
0.045800	-2.301503	-2.208321	0.000308	0.000952
0.045867	-2.311820	-2.135453	0.000308	0.000308
0.045933	-2.325362	-2.138032	0.000630	-0.000015
0.046000	-2.339549	-2.240564	-0.000015	-0.000337
0.046067	-2.349222	-2.078705	0.000308	-0.000015
0.046133	-2.363409	-2.442726	-0.000015	0.000308
0.046200	-2.376628	-2.304727	-0.000337	-0.000015
0.046267	-2.389203	-2.339549	-0.000015	0.000308
0.046333	-2.399520	-2.428861	0.000630	0.000952
0.046400	-2.412740	-2.324072	0.000952	-0.000015
0.046467	-2.424347	-2.566860	0.000308	0.000308
0.046533	-2.437889	-2.909278	0.000308	0.000630
0.046600	-2.449174	-2.908633	-0.000015	-0.000015
0.046667	-2.460459	-2.878002	-0.000015	-0.000015
0.046733	-2.475613	-2.974408	0.000630	0.000308
0.046800	-2.487543	-2.922497	0.000308	-0.000015
0.046867	-2.497861	-3.009875	0.000308	0.000308
0.046933	-2.511403	-2.881227	-0.000015	0.000308
0.047000	-2.523977	-2.526879	0.000630	0.000308
0.047067	-2.534295	-2.467230	-0.000337	0.000952
0.047133	-2.548482	-2.621673	-0.000337	0.000308
0.047200	-2.560412	-2.698733	0.000308	0.000308
0.047267	-2.571374	-2.762574	0.000308	0.000308
0.047333	-2.584594	-2.540421	-0.000337	0.000308
0.047400	-2.596846	-2.526557	0.000952	0.000308
0.047467	-2.608453	-2.684869	-0.000015	0.000630
0.047533	-2.621995	-2.483029	-0.000015	-0.000337
0.047600	-2.634570	-2.625864	-0.000015	0.000630
0.047667	-2.646177	-2.604584	0.000308	0.000630
0.047733	-2.657462	-2.719046	-0.000015	0.000308
0.047800	-2.671327	-2.447240	0.000630	0.000630
0.047867	-2.680999	-2.279255	0.000308	-0.000015
0.047933	-2.695186	-2.310853	-0.000015	0.000308
0.048000	-2.706794	-2.176078	-0.000015	0.000308
0.048067	-2.718401	-2.236372	0.000308	0.000630
0.048133	-2.730976	-2.364698	-0.000015	0.000308
0.048200	-2.744195	-2.408548	-0.000015	0.000630
0.048267	-2.756125	-2.207999	-0.000015	0.000630
0.048333	-2.769989	-2.453366	-0.000015	-0.000337
0.048400	-2.780952	-2.381787	-0.000015	0.000308
0.048467	-2.791914	-2.541066	0.000630	0.000952
0.048533	-2.808358	-2.965380	0.000308	-0.000015
0.048600	-2.819321	-3.080809	0.000308	0.000308
0.048667	-2.831251	-3.039216	0.000308	0.000308
0.048733	-2.843825	-3.111762	-0.000337	0.000630
0.048800	-2.853498	-2.496249	0.000308	-0.000015
0.048867	-2.865750	-2.991497	-0.000015	0.001275
0.048933	-2.880582	-3.015034	-0.000015	-0.000015
0.049000	-2.890900	-2.840278	0.000308	-0.000015
0.049067	-2.904119	-2.884773	0.000308	0.000630
0.049133	-2.916049	-2.780952	-0.000015	0.000308
0.049200	-2.927334	-2.743873	0.000630	0.000952
0.049267	-2.939586	-2.917339	-0.000015	0.000308
0.049333	-2.952806	-2.704537	0.000308	0.000952
0.049400	-2.965380	-2.934105	-0.000015	0.000308
0.049467	-2.975698	-2.700023	-0.000015	0.000952
0.049533	-2.989885	-2.513015	0.000308	0.000630
0.049600	-2.999235	-2.512048	0.000308	0.000308
0.049667	-3.011165	-2.555898	0.000308	-0.000015
0.049733	-3.023740	-2.464328	0.000308	0.000630
0.049800	-3.036314	-2.268937	0.000630	0.000630
0.049867	-3.048244	-2.333745	-0.000337	0.000308
0.049933	-3.060496	-2.549772	-0.000015	0.000308
0.050000	-3.069847	-2.475613	0.000308	-0.000015
0.050067	-3.082099	-2.751611	-0.000015	0.000952
0.050133	-2.989240	-2.755480	0.000308	0.000308
0.050200	-2.975053	-2.941843	-0.000015	0.000952
0.050267	-2.959899	-2.769022	0.000308	-0.000015
0.050333	-2.947647	-2.582659	0.000630	-0.000015
0.050400	-2.933460	-2.718079	0.000308	0.000952
0.050467	-2.920240	-2.655205	-0.000337	0.000308
0.050533	-2.908633	-2.739036	0.000308	0.000308
0.050600	-2.895414	-2.545258	0.000952	0.001275
0.050667	-2.881549	-2.488188	0.000630	0.000630
0.050733	-2.870909	-2.591687	-0.000337	0.000308
0.050800	-2.857690	-2.736134	0.001275	-0.000015
0.050867	-2.844792	-2.797718	0.000630	0.000630
0.050933	-2.833185	-2.865105	0.000308	0.000308
0.051000	-2.819321	-2.780629	0.000630	0.000308
0.051067	-2.805134	-2.868652	0.000630	0.000308
0.051133	-2.794816	-2.974731	0.000630	0.000308
0.051200	-2.781597	-3.040828	0.000308	-0.000015
0.051267	-2.768700	-3.114019	0.000308	0.000952
0.051333	-2.755158	-3.026641	-0.000015	0.000308
0.051400	-2.742583	-2.891544	0.000308	-0.000015
0.051467	-2.730653	-2.850596	-0.000015	0.000952
0.051533	-2.720013	-2.891544	-0.000015	0.000630
0.051600	-2.704214	-2.701957	0.000308	0.000308
0.051667	-2.691317	-2.564926	0.000308	0.001275
0.051733	-2.679710	-2.709051	0.000952	0.000952
0.051800	-2.666490	-2.836087	0.000630	0.000308
0.051867	-2.655205	-2.857045	0.000952	0.000308
0.051933	-2.643275	-2.738069	-0.000337	-0.000015
0.052000	-2.630701	-2.863493	0.000308	0.000308
0.052067	-2.618126	-2.649724	0.000308	0.000952
0.052133	-2.604584	-2.788045	0.000308	0.000308
0.052200	-2.592977	-3.008263	0.000630	0.000630
0.052267	-2.581047	-2.852853	0.000952	0.000308
0.052333	-2.568150	-2.934750	0.000308	0.000308
0.052400	-2.554608	-2.697121	-0.000337	0.000308
0.052467	-2.541066	-2.899283	-0.000015	0.000630
0.052533	-2.531393	-2.826414	0.000308	0.000952
0.052600	-2.516884	-2.557187	0.001275	0.000630
0.052667	-2.504632	-2.560412	0.000952	0.000952
0.052733	-2.494314	-2.719691	0.000630	0.000308
0.052800	-2.481095	-2.759994	0.000630	0.000630
0.052867	-2.467875	-2.655528	0.000308	0.000952
0.052933	-2.456268	-2.756770	-0.000015	0.000952
0.053000	-2.442726	-2.516562	0.000630	0.000630
0.053067	-2.430473	-2.625864	0.000952	0.000308
0.053133	-2.420801	-2.550094	0.000630	0.001275
0.053200	-2.406614	-2.423380	0.000308	0.000308
0.053267	-2.393072	-2.405002	0.000308	0.001275
0.053333	-2.381142	-2.468197	-0.000015	0.000630
0.053400	-2.368890	-2.503020	0.000308	0.000952
0.053467	-2.355670	-2.629411	0.000308	0.000308
0.053533	-2.345353	-2.606196	-0.000015	0.000308
0.053600	-2.331811	-2.467553	0.000308	0.000308
0.053667	-2.320203	-2.624575	0.000952	0.000630
0.053733	-2.308274	-2.607808	0.000630	0.000952
0.053800	-2.295699	-2.556220	0.000630	-0.000015
0.053867	-2.283124	-2.592332	0.000952	0.000308
0.053933	-2.270227	-2.631346	-0.000015	0.000630
0.054000	-2.259265	-2.433375	-0.000015	-0.000015
0.054067	-2.245400	-2.562669	-0.000337	0.000630
0.054133	-2.235405	-2.298923	0.000630	0.000308
0.054200	-2.222185	-2.340194	0.000630	0.000952
0.054267	-2.210578	-2.484964	-0.000015	0.001275
0.054333	-2.198326	-2.466585	0.000952	0.000952
0.054400	-2.183172	-2.417899	0.000308	0.000952
0.054467	-2.173177	-2.549772	0.000308	-0.000015
0.054533	-2.161892	-2.626832	0.000630	0.000630
0.054600	-2.148350	-2.478515	0.000630	0.000630
0.054667	-2.135775	-2.435310	0.000630	0.000308
0.054733	-2.125135	-2.383722	-0.000337	0.000308
0.054800	-2.109981	-2.508501	0.000308	0.000630
0.054867	-2.099341	-2.171564	-0.000015	0.000630
0.054933	-2.088378	-2.404357	-0.000015	0.000952
0.055000	-2.074191	-2.185429	0.000952	0.000308
0.055067	-2.062584	-2.179303	0.000630	0.000952
0.055133	-2.051299	-2.229924	-0.000015	0.000630
0.055200	-2.036467	-2.110626	0.000952	0.000630
0.055267	-2.026472	-2.083864	0.000308	0.000952
0.055333	-2.013575	-1.997454	0.000308	0.000630
0.055400	-1.998421	-1.817539	0.000630	0.000630
0.055467	-1.986814	-1.858487	0.000630	0.000952
0.055533	-1.977141	-1.991972	0.000308	0.000630
0.055600	-1.962954	-1.968435	0.000630	0.000952
0.055667	-1.951347	-1.918459	0.000308	0.000308
0.055733	-1.938772	-1.777881	0.000952	0.000630
0.055800	-1.926842	-1.755633	0.000630	0.000308
0.055867	-1.914590	-1.875254	-0.000015	-0.000015
0.055933	-1.901370	-1.750474	0.000952	0.000630
0.056000	-1.890730	-1.869128	0.000630	-0.000015
0.056067	-1.878478	-1.991328	-0.000337	0.000630
0.056133	-1.868805	-1.967790	0.000308	0.000630
0.056200	-1.853651	-2.000678	0.001275	0.000308
0.056267	-1.841076	-1.814960	-0.000015	0.000630
0.056333	-1.830114	-1.962309	0.000308	0.000952
0.056400	-1.816250	-1.934258	-0.000015	0.000308
0.056467	-1.805609	-1.977141	0.000308	-0.000015
0.056533	-1.793357	-1.903305	0.000952	-0.000015
0.056600	-1.778848	-1.910721	0.000952	0.000630
0.056667	-1.770142	-1.884282	0.000308	0.000952
0.056733	-1.755633	-1.726937	0.000630	-0.000015
0.056800	-1.743381	-1.686956	-0.000015	0.000308
0.056867	-1.730484	-1.626017	0.000308	0.000308
0.056933	-1.719521	-1.561532	-0.000337	0.000308
0.057000	-1.706624	-1.606994	0.000630	0.000308
0.057067	-1.695984	-1.572817	0.000308	0.000630
0.057133	-1.683087	-1.564756	0.000630	0.000630
0.057200	-1.669867	-1.607639	-0.000015	0.000630
0.057267	-1.657938	-1.570237	0.000630	0.000630
0.057333	-1.647298	-1.554761	0.000308	-0.000015
0.057400	-1.632466	-1.697919	0.000952	-0.000015
0.057467	-1.623760	-1.708559	0.000308	0.000630
0.057533	-1.610218	-1.727904	0.000308	0.000308
0.057600	-1.596032	-1.634400	0.000952	0.000630
0.057667	-1.587004	-1.487374	-0.000337	0.000630
0.057733	-1.573139	-1.542186	-0.000015	0.000630
0.057800	-1.559275	-1.577008	-0.000015	0.000952
0.057867	-1.548312	-1.494467	0.000308	0.000630
0.057933	-1.536383	-1.379038	0.000308	-0.000015
0.058000	-1.523808	-1.407412	-0.000337	0.000630
0.058067	-1.512201	-1.567013	0.000308	0.000952
0.058133	-1.501238	-1.585714	0.000308	0.000308
0.058200	-1.486729	-1.587004	0.000308	0.000630
0.058267	-1.474799	-1.646008	0.000308	0.000952
0.058333	-1.464804	-1.635690	0.000630	0.000308
0.058400	-1.449650	-1.602158	0.000630	0.000630
0.058467	-1.440299	-1.516715	0.000308	0.000308
0.058533	-1.427402	-1.567336	0.000308	-0.000337
0.058600	-1.414183	-1.541541	0.000952	-0.000337
0.058667	-1.404510	-1.520261	0.000308	0.001275
0.058733	-1.390323	-1.626340	0.000308	0.000952
0.058800	-1.376781	-1.570882	0.000308	0.000308
0.058867	-1.365818	-1.475766	0.000308	0.000952
0.058933	-1.354534	-1.449327	-0.000015	-0.000015
0.059000	-1.342281	-1.455131	0.000308	0.000630
0.059067	-1.329707	-1.504462	0.000630	0.000630
0.059133	-1.319389	-1.377426	0.000630	-0.000015
0.059200	-1.305525	-1.376136	0.000308	0.000630
0.059267	-1.292950	-1.402898	-0.000015	0.000630
0.059333	-1.281342	-1.410636	-0.000015	-0.000015
0.059400	-1.269735	-1.403865	0.000952	-0.000015
0.059467	-1.256838	-1.386131	-0.000015	0.000630
0.059533	-1.246198	-1.436753	-0.000015	-0.000015
0.059600	-1.231044	-1.361949	-0.000015	0.000308
0.059667	-1.222338	-1.411926	0.000308	0.000952
0.059733	-1.208474	-1.365818	-0.000015	0.000308
0.059800	-1.194932	-1.327772	-0.000015	-0.000015
0.059867	-1.184614	-1.269090	-0.000337	0.000630
0.059933	-1.173974	-1.279408	0.000308	0.000308
0.060000	-1.158498	-1.341314	0.000630	0.000630
0.060067	-1.150115	-1.425468	-0.000015	0.000308
0.060133	-1.134960	-1.328739	-0.000015	0.000952
0.060200	-1.121741	-1.317454	0.000308	0.000308
0.060267	-1.110778	-1.369365	-0.000015	0.000630
0.060333	-1.098204	-1.313263	-0.000337	-0.000015
0.060400	-1.085307	-1.126255	0.000630	0.000308
0.060467	-1.074989	-1.330351	0.000308	0.000308
0.060533	-1.063704	-1.280053	-0.000337	-0.000015
0.060600	-1.050162	-1.181712	-0.000015	-0.000015
0.060667	-1.038555	-1.182680	-0.000337	-0.000337
0.060733	-1.027270	-1.146890	-0.000337	0.000630
0.060800	-1.013728	-1.168493	-0.000015	0.000630
0.060867	-1.003088	-1.111101	-0.000015	-0.000015
0.060933	-0.989868	-1.118839	0.000308	0.000308
0.061000	-0.976649	-1.174619	0.000630	0.000630
0.061067	-0.965364	-1.175264	-0.000015	-0.000015
0.061133	-0.953434	-1.052097	0.000308	-0.000337
0.061200	-0.939892	-1.119806	-0.000015	0.000308
0.061267	-0.929574	-1.086274	0.000630	0.000630
0.061333	-0.916355	-1.030816	0.000308	-0.000337
0.061400	-0.904425	-1.071120	0.000308	0.000630
0.061467	-0.893785	-1.083050	-0.000015	0.000308
0.061533	-0.880243	-1.001798	0.000630	-0.000015
0.061600	-0.868635	-1.008891	0.000630	0.000308
0.061667	-0.855738	-1.000831	0.000630	0.000308
0.061733	-0.844131	-0.988578	0.000630	0.000308
0.061800	-0.831879	-0.954723	0.000308	0.000952
0.061867	-0.819949	-0.908616	-0.000660	0.000952
0.061933	-0.807374	-0.907649	-0.000337	0.000630
0.062000	-0.795444	-0.895397	-0.000015	0.000308
0.062067	-0.782547	-0.885079	-0.000337	0.000308
0.062133	-0.770940	-0.841229	-0.000015	-0.000337
0.062200	-0.758365	-0.859607	-0.000015	0.000630
0.062267	-0.747725	-0.781257	-0.000015	-0.000337
0.062333	-0.734828	-0.799313	-0.000337	0.000630
0.062400	-0.720963	-0.814467	0.000630	0.000308
0.062467	-0.710968	-0.801570	0.000308	0.000308
0.062533	-0.697749	-0.785449	-0.000015	0.000308
0.062600	-0.684529	-0.863799	-0.000015	-0.000660
0.062667	-0.674534	-0.675179	-0.000660	0.000630
0.062733	-0.662282	-0.742889	0.000630	0.000952
0.062800	-0.648095	-0.663249	-0.000015	0.000630
0.062867	-0.636165	-0.649385	0.000630	-0.000337
0.062933	-0.625202	-0.655833	0.000308	0.000308
0.063000	-0.613273	-0.690978	-0.000337	0.000630
0.063067	-0.600375	-0.629072	-0.000015	0.000308
0.063133	-0.588123	-0.618109	0.000308	0.001275
0.063200	-0.574904	-0.613273	0.000630	-0.000337
0.063267	-0.566521	-0.620688	-0.000337	-0.000015
0.063333	-0.552334	-0.656478	0.000308	0.000308
0.063400	-0.539437	-0.576838	-0.000337	-0.000015
0.063467	-0.529119	-0.652931	0.000308	0.000308
0.063533	-0.514932	-0.654221	-0.000015	-0.000337
0.063600	-0.503970	-0.519446	-0.000015	0.000308
0.063667	-0.490750	-0.531376	0.000308	-0.000015
0.063733	-0.481722	-0.547820	-0.000015	-0.000337
0.063800	-0.466890	-0.552656	-0.000015	0.000952
0.063867	-0.455605	-0.504937	0.000308	0.000308
0.063933	-0.443353	-0.498166	-0.000015	-0.000015
0.064000	-0.429811	-0.538469	0.000308	0.000630
0.064067	-0.419816	-0.446900	-0.000337	0.000630
0.064133	-0.408209	-0.524927	0.000308	-0.000015
0.064200	-0.394344	-0.574581	0.000308	0.000630
0.064267	-0.383704	-0.488816	-0.000015	-0.000015
0.064333	-0.370485	-0.408531	-0.000337	0.000308
0.064400	-0.360167	-0.447867	-0.000337	0.000308
0.064467	-0.349204	-0.489138	-0.000015	0.000630
0.064533	-0.334373	-0.420461	-0.000015	-0.000015
0.064600	-0.322120	-0.468503	-0.000015	0.000952
0.064667	-0.312770	-0.416592	-0.000337	0.000308
0.064733	-0.298583	-0.379512	-0.000015	0.000308
0.064800	-0.286008	-0.389508	0.000308	-0.000015
0.064867	-0.276013	-0.359522	0.000630	0.000630
0.064933	-0.261826	-0.335662	0.000630	0.000308
0.065000	-0.250219	-0.405307	-0.000015	-0.000337
0.065067	-0.239901	-0.346625	-0.000015	0.000952
0.065133	-0.224425	-0.425297	-0.000015	0.000308
0.065200	-0.214752	-0.300518	0.000308	0.000308
0.065267	-0.201855	-0.332760	-0.000015	0.000630
0.065333	-0.188635	-0.316639	0.000630	-0.000015
0.065400	-0.176383	-0.321153	-0.000015	-0.000015
0.065467	-0.166388	-0.347915	0.000630	0.000630
0.065533	-0.153168	-0.234098	0.000308	0.000630
0.065600	-0.139949	-0.281494	-0.000337	0.000630
0.065667	-0.130276	-0.295036	-0.000015	0.000952
0.065733	-0.117056	-0.273434	0.000308	0.000308
0.065800	-0.104159	-0.295359	0.000308	0.000952
0.065867	-0.094486	-0.312448	-0.000015	0.000308
0.065933	-0.081589	-0.310191	0.000952	0.000952
0.066000	-0.069014	-0.320186	0.000308	0.000308
0.066067	-0.057407	-0.340821	0.000308	0.000308
0.066133	-0.043220	-0.222168	0.000952	0.000630
0.066200	-0.033225	-0.291490	-0.000015	0.000308
0.066267	-0.020328	-0.250219	0.000630	-0.000015
0.066333	-0.007431	-0.247640	0.000308	0.000308
0.066400	0.004822	-0.224102	-0.000337	0.000308
0.066467	0.014817	-0.189280	-0.000015	0.000308
0.066533	0.029004	-0.141238	0.000308	0.000952
0.066600	0.041256	-0.140916	0.001275	0.000630
0.066667	0.051574	-0.133178	0.000630	0.000308
0.066733	0.064793	-0.096421	0.000308	0.000630
0.066800	0.078658	-0.089327	0.000630	0.000630
0.066867	0.088975	-0.074496	0.000630	-0.000015
0.066933	0.102195	-0.080944	0.000308	0.000952
0.067000	0.112835	-0.098355	0.000308	0.000952
0.067067	0.126054	-0.039029	0.000630	0.000952
0.067133	0.137984	-0.064178	0.000630	-0.000015
0.067200	0.150237	-0.023230	0.000630	0.000308
0.067267	0.161199	-0.044832	-0.000015	0.000630
0.067333	0.174741	-0.034515	0.000308	0.000308
0.067400	0.186993	-0.015491	-0.000015	0.000952
0.067467	0.197956	-0.009688	0.000630	-0.000015
0.067533	0.210531	-0.001949	0.000630	0.000308
0.067600	0.222460	0.035775	-0.000015	0.000630
0.067667	0.234713	0.038032	-0.000015	-0.000015
0.067733	0.249544	0.041256	0.000952	0.000952
0.067800	0.258895	0.081882	0.000630	0.000952
0.067867	0.271792	0.062859	0.000630	0.000308
0.067933	0.283399	0.092522	0.000630	-0.000015
0.068000	0.295329	0.104452	-0.000337	0.000952
0.068067	0.307582	0.102840	0.000630	0.000308
0.068133	0.321124	0.138629	0.000630	0.000630
0.068200	0.332409	0.137662	0.000308	0.000952
0.068267	0.343371	0.114447	0.000952	0.000952
0.068333	0.356591	0.083494	0.000630	0.000630
0.068400	0.368843	0.086718	0.000630	0.000952
0.068467	0.379805	0.108321	0.000308	0.000308
0.068533	0.393347	0.112835	0.000308	0.000630
0.068600	0.404632	0.121863	0.000308	-0.000015
0.068667	0.415917	0.170227	0.000308	0.000308
0.068733	0.429459	0.143788	0.000308	0.000630
0.068800	0.440744	0.189250	-0.000015	0.000952
0.068867	0.452997	0.189250	-0.000015	-0.000015
0.068933	0.466539	0.215367	0.000630	0.000952
0.069000	0.477824	0.261797	0.000630	0.000630
0.069067	0.488464	0.352077	0.000308	-0.000015
0.069133	0.504585	0.384319	0.000630	0.000630
0.069200	0.515870	0.314675	0.000308	0.000630
0.069267	0.526510	0.334988	0.000308	0.000308
0.069333	0.540052	0.357235	0.000952	0.000952
0.069400	0.551015	0.372712	0.000952	0.000630
0.069467	0.562622	0.380128	0.000952	0.000952
0.069533	0.575519	0.451062	0.000952	0.000952
0.069600	0.587772	0.438165	0.000630	0.000630
0.069667	0.598412	0.449772	0.000308	0.000630
0.069733	0.611631	0.462025	0.000308	0.000308
0.069800	0.623884	0.394637	0.000630	0.000630
0.069867	0.634524	0.352399	-0.000015	0.000308
0.069933	0.647421	0.475889	0.000630	0.001275
0.070000	0.659028	0.428815	0.000308	0.000952
0.070067	0.669991	0.555851	0.000308	0.000630
0.070133	0.683211	0.505875	0.000630	-0.000015
0.070200	0.694496	0.546501	-0.000015	-0.000015
0.070267	0.707070	0.534571	0.000308	-0.000015
0.070333	0.719000	0.561333	0.000308	0.000630
0.070400	0.730285	0.560688	0.000308	0.000630
0.070467	0.743827	0.580678	-0.000015	0.000630
0.070533	0.755757	0.552627	0.000630	0.000308
0.070600	0.767687	0.542632	0.000630	0.000630
0.070667	0.779294	0.615501	0.000630	0.000308
0.070733	0.791546	0.614211	0.000630	0.000630
0.070800	0.802509	0.632912	-0.000015	0.000952
0.070867	0.814439	0.608730	0.000308	-0.000015
0.070933	0.827981	0.621304	0.000308	0.000308
0.071000	0.838621	0.568748	-0.000015	0.000308
0.071067	0.851518	0.622272	0.000630	-0.000015
0.071133	0.862803	0.521674	0.000308	0.000630
0.071200	0.874733	0.540052	0.000308	-0.000015
0.071267	0.886340	0.573907	0.000308	0.001275
0.071333	0.899882	0.707715	0.000630	0.000952
0.071400	0.910845	0.626463	0.000630	0.000630
0.071467	0.923420	0.711907	0.000308	0.000308
0.071533	0.935994	0.725771	0.000630	0.000952
0.071600	0.947924	0.779294	0.000308	0.000630
0.071667	0.959532	0.745762	0.000952	0.001275
0.071733	0.972106	0.760916	0.000308	0.000952
0.071800	0.983391	0.805733	0.000308	0.000630
0.071867	0.995966	1.015957	0.000308	0.000952
0.071933	1.009186	0.954373	0.000630	-0.000337
0.072000	1.019504	1.050134	0.000308	0.000630
0.072067	1.031433	0.937929	0.000630	-0.000015
0.072133	1.044975	1.084634	0.000630	0.000630
0.072200	1.055293	1.050457	0.000308	0.000630
0.072267	1.069802	1.094629	0.000308	0.000630
0.072333	1.082377	0.964368	0.000630	0.001275
0.072400	1.092372	0.954695	0.000308	0.000952
0.072467	1.106559	1.063031	0.000630	-0.000015
0.072533	1.116877	1.045620	0.000630	0.000952
0.072600	1.127840	1.145573	0.000630	0.000952
0.072667	1.141704	1.110751	-0.000337	0.000630
0.072733	1.154279	1.187811	0.000630	0.000308
0.072800	1.164596	1.188779	-0.000015	0.000630
0.072867	1.176849	1.145573	-0.000015	0.000630
0.072933	1.190713	1.119779	0.000630	0.000952
0.073000	1.200386	0.972429	-0.000015	0.000952
0.073067	1.213928	1.083989	0.000308	0.000308
0.073133	1.226180	0.991775	0.000308	0.000952
0.073200	1.236498	0.974041	-0.000337	0.000308
0.073267	1.248428	0.848294	0.000308	0.000308
0.073333	1.261970	0.881504	0.000308	-0.000015
0.073400	1.272288	0.972106	-0.000015	0.000630
0.073467	1.286475	0.965013	0.000308	0.000308
0.073533	1.299049	1.070447	0.000952	0.000308
0.073600	1.310334	1.065288	-0.000015	0.000952
0.073667	1.322264	1.197484	0.000630	-0.000015
0.073733	1.336129	1.058840	0.000630	0.000952
0.073800	1.344834	1.170078	0.000308	0.000952
0.073867	1.358054	1.201353	0.000630	0.000630
0.073933	1.370951	1.198129	0.000308	0.000952
0.074000	1.381591	1.158148	0.000308	0.000630
0.074067	1.395133	1.151054	0.000308	-0.000015
0.074133	1.407385	1.209092	0.000308	0.000630
0.074200	1.419315	1.214250	-0.000337	-0.000015
0.074267	1.431245	1.256489	0.000308	0.000630
0.074333	1.443820	1.218442	0.000630	0.000630
0.074400	1.454782	1.274545	0.000308	0.000630
0.074467	1.468002	1.329680	0.000308	-0.000337
0.074533	1.480899	1.144606	-0.000015	0.000952
0.074600	1.490895	1.322587	0.000308	0.000308
0.074667	1.504114	1.265517	0.000308	-0.000015
0.074733	1.515722	1.354829	0.000630	-0.000015
0.074800	1.527329	1.404161	0.000630	-0.000015
0.074867	1.540549	1.321942	0.000308	0.000630
0.074933	1.553123	1.259713	0.000630	0.000308
0.075000	1.563119	1.251330	-0.000660	-0.000015
0.075067	1.576338	1.357409	0.000630	0.000630
0.075133	1.589235	1.388362	0.000308	-0.000015
0.075200	1.599553	1.324844	-0.000015	-0.000015
0.075267	1.613740	1.230694	-0.000337	0.000308
0.075333	1.625348	1.221344	0.000630	0.000952
0.075400	1.634698	1.243914	-0.000015	0.000952
0.075467	1.649207	1.145573	0.000308	-0.000015
0.075533	1.660492	1.241012	0.000630	0.000630
0.075600	1.672422	1.246493	0.000308	0.000630
0.075667	1.684674	1.380624	0.000308	-0.000015
0.075733	1.695960	1.370629	0.000952	0.000630
0.075800	1.708857	1.488315	0.000630	0.000308
0.075867	1.722399	1.354185	0.000630	0.000308
0.075933	1.734006	1.459941	0.000630	0.000308
0.076000	1.744646	1.378689	-0.000015	-0.000015
0.076067	1.759478	1.556025	0.000308	-0.000337
0.076133	1.769796	1.497666	0.000952	0.000308
0.076200	1.782371	1.663394	-0.000015	0.000630
0.076267	1.794945	1.696282	0.000308	0.000630
0.076333	1.807842	1.620511	-0.000015	0.000630
0.076400	1.816548	1.520880	0.000308	0.000308
0.076467	1.829768	1.652432	-0.000337	0.000630
0.076533	1.843310	1.525072	0.000308	-0.000337
0.076600	1.852983	1.515399	-0.000337	0.000630
0.076667	1.866525	1.537324	0.000630	0.000630
0.076733	1.878455	1.512497	0.000630	-0.000337
0.076800	1.889095	1.562151	-0.000015	0.000630
0.076867	1.903282	1.495731	-0.000015	0.000308
0.076933	1.914889	1.624703	0.000308	0.000308
0.077000	1.925852	1.427698	-0.000337	0.000630
0.077067	1.939071	1.400937	-0.000015	0.000630
0.077133	1.951968	1.512820	0.000308	0.000308
0.077200	1.962286	1.556348	0.000952	0.000308
0.077267	1.974861	1.662749	-0.000015	0.000308
0.077333	1.987436	1.509273	0.000952	-0.000015
0.077400	1.998721	1.535712	-0.000015	0.000630
0.077467	2.012263	1.585366	0.000630	0.000630
0.077533	2.024838	1.713371	0.000308	-0.000015
0.077600	2.035155	1.680483	-0.000660	0.000630
0.077667	2.048052	1.660815	0.000630	-0.000015
0.077733	2.060627	1.640502	-0.000015	0.000630
0.077800	2.071267	1.698539	-0.000337	0.000308
0.077867	2.083842	1.732394	0.000308	0.000308
0.077933	2.096417	1.781403	0.000308	0.000630
0.078000	2.107702	1.964543	0.000308	-0.000337
0.078067	2.120922	2.123501	0.000630	0.001275
0.078133	2.135108	2.063207	-0.000015	0.000308
0.078200	2.145104	2.229580	-0.000015	0.000630
0.078267	2.157679	2.097062	-0.000337	0.000308
0.078333	2.169931	2.166707	-0.000015	-0.000015
0.078400	2.180249	2.169608	-0.000015	0.000630
0.078467	2.194436	2.120922	-0.000337	0.000630
0.078533	2.205398	1.802039	0.000308	0.000308
0.078600	2.217328	1.950679	0.000308	0.000952
0.078667	2.229258	2.056436	-0.000015	0.000630
0.078733	2.241188	1.934235	-0.000015	-0.000015
0.078800	2.255375	2.112861	-0.000015	0.000630
0.078867	2.266015	1.999366	0.000308	0.000308
0.078933	2.277622	1.990015	0.000630	0.000952
0.079000	2.288908	2.044506	-0.000015	0.000308
0.079067	2.303094	2.110281	0.000630	-0.000015
0.079133	2.315992	2.095772	-0.000015	0.000630
0.079200	2.325342	2.130594	-0.000015	0.000630
0.079267	2.339851	2.187665	-0.000015	0.000630
0.079333	2.351136	2.229580	-0.000337	-0.000015
0.079400	2.361777	2.308576	-0.000015	0.000630
0.079467	2.372094	2.376286	-0.000015	0.000308
0.079533	2.387571	2.328244	-0.000337	0.001275
0.079600	2.399501	2.429487	-0.000015	0.000308
0.079667	2.412076	2.465277	0.000308	0.000630
0.079733	2.424651	2.438515	0.000308	0.000630
0.079800	2.434968	2.388538	-0.000015	0.000308
0.079867	2.448188	2.363711	0.000630	0.000308
0.079933	2.461730	2.346300	-0.000015	0.000308
0.080000	2.470436	2.201851	-0.000015	-0.000015
0.080067	2.483655	2.099641	0.000308	-0.000015
0.080133	2.494295	2.132851	0.000308	0.000308
0.080200	2.505580	2.158646	0.000630	-0.000015
0.080267	2.520090	2.011940	0.000308	-0.000015
0.080333	2.531697	2.302127	0.000308	0.000308
0.080400	2.542982	2.181861	0.000952	0.000308
0.080467	2.555880	2.245057	-0.000337	0.000952
0.080533	2.569422	2.332113	0.000308	-0.000337
0.080600	2.579095	1.977440	0.000308	0.000630
0.080667	2.592314	2.025482	0.000952	0.000308
0.080733	2.603599	2.273753	0.000308	-0.000015
0.080800	2.616496	2.617786	0.000630	-0.000015
0.080867	2.630039	2.698071	0.000308	-0.000015
0.080933	2.641324	2.559426	0.000308	0.000308
0.081000	2.652931	2.442062	0.000630	0.000308
0.081067	2.665506	2.658090	-0.000015	0.000308
0.081133	2.677113	2.627459	-0.000337	0.000308
0.081200	2.688721	2.671632	-0.000015	0.000952
0.081267	2.701296	2.624557	0.000630	0.000952
0.081333	2.711613	2.389828	0.000308	0.000952
0.081400	2.726123	2.611982	-0.000015	0.000630
0.081467	2.737085	2.569422	-0.000015	0.000630
0.081533	2.748693	2.582319	-0.000015	-0.000015
0.081600	2.760945	2.566197	0.000308	0.000630
0.081667	2.774487	2.548141	0.000308	0.000308
0.081733	2.785450	2.531052	-0.000015	0.000630
0.081800	2.795445	2.501711	0.000308	0.000308
0.081867	2.808987	2.581352	0.000308	0.000630
0.081933	2.822529	2.473660	0.000308	0.000630
0.082000	2.832202	2.393697	0.000308	0.000952
0.082067	2.847034	2.658090	0.000952	0.000630
0.082133	2.856062	2.468179	-0.000015	0.000308
0.082200	2.869282	2.309543	0.000630	-0.000015
0.082267	2.882502	2.505258	0.000630	-0.000015
0.082333	2.893142	2.386604	-0.000015	0.000630
0.082400	2.906684	2.535244	0.000308	-0.000015
0.082467	2.918614	2.609081	-0.000337	0.000630
0.082533	2.929899	2.674534	-0.000015	0.000308
0.082600	2.941829	2.571034	-0.000015	0.000952
0.082667	2.954726	2.535889	0.000308	-0.000015
0.082733	2.966656	2.519445	0.000630	0.000630
0.082800	2.978586	2.616496	0.000308	-0.000015
0.082867	2.991161	2.587800	-0.000660	0.000630
0.082933	3.002123	2.987614	-0.000015	0.000952
0.083000	3.013731	2.567165	0.000630	-0.000337
0.083067	3.025983	2.790286	0.000630	0.000630
0.083133	3.039525	2.710646	0.000308	-0.000015
0.083200	3.050165	2.614562	0.001275	-0.000015
0.083267	3.063708	3.088857	-0.000337	0.000630
0.083333	3.076282	3.087245	0.000308	0.000308
0.083400	3.087567	2.785450	0.000630	0.000952
0.083467	3.100142	2.733216	-0.000015	0.000952
0.083533	3.111750	2.890562	0.000630	0.000952
0.083600	3.123035	2.703553	0.000630	0.001275
0.083667	3.136899	2.674856	0.000308	0.000630
0.083733	3.148184	2.826076	-0.000015	0.000308
0.083800	3.159470	3.007282	0.000630	-0.000660
0.083867	3.173334	3.138512	-0.000337	0.000952
0.083933	3.199129	3.120778	0.000630	0.000630
0.084000	3.195904	2.970203	0.000308	0.000308
0.084067	3.210091	3.246203	-0.000337	0.000308
0.084133	3.220731	3.408064	-0.000015	0.000630
0.084200	3.232017	3.463844	0.000308	0.000952
0.084267	3.143026	3.335517	0.000308	0.000308
0.084333	3.125937	3.194615	-0.000337	0.000308
0.084400	3.114652	3.201708	0.000308	-0.000015
0.084467	3.101110	3.391942	-0.000015	0.000630
0.084533	3.085310	3.163661	0.000308	0.000630
0.084600	3.072091	3.118198	0.000308	0.000630
0.084667	3.058871	3.040815	0.000630	0.001275
0.084733	3.045974	3.019212	0.000630	0.000630
0.084800	3.030820	3.071768	0.000308	0.001275
0.084867	3.021147	3.282638	0.000952	0.000630
0.084933	3.005992	3.359054	-0.000015	0.000630
0.085000	2.994063	3.198484	0.000630	0.000630
0.085067	2.980198	3.183329	0.000308	0.000630
0.085133	2.966656	3.035011	-0.000015	-0.000015
0.085200	2.952469	2.625847	0.000308	0.000952
0.085267	2.939249	2.955048	0.000308	0.000952
0.085333	2.926030	3.151086	0.000308	0.000308
0.085400	2.912165	2.837039	0.000308	0.000308
0.085467	2.898946	2.568132	0.000308	0.000630
0.085533	2.886371	2.640356	0.000308	0.001275
0.085600	2.872829	2.574258	0.000630	0.000308
0.085667	2.860254	2.572324	-0.000337	0.000952
0.085733	2.846712	2.664539	0.000630	0.000952
0.085800	2.833815	3.031787	0.000308	0.000630
0.085867	2.822529	3.085310	0.000308	0.000952
0.085933	2.808987	2.875086	-0.000015	0.000630
0.086000	2.795445	3.262647	0.000308	0.000630
0.086067	2.783193	3.396456	0.000630	0.000630
0.086133	2.769006	3.331003	0.000952	0.000952
0.086200	2.755786	2.888950	-0.000015	0.000952
0.086267	2.741599	2.896044	0.000952	0.000630
0.086333	2.728702	2.905072	0.000952	0.000630
0.086400	2.715805	2.709356	0.000308	0.000308
0.086467	2.702908	2.616174	0.000308	0.000308
0.086533	2.688721	2.401113	0.000308	0.000308
0.086600	2.676146	2.598440	-0.000015	0.000630
0.086667	2.663894	2.693880	0.000952	0.000630
0.086733	2.649384	2.563940	-0.000015	0.000630
0.086800	2.638099	2.796090	0.000308	0.000630
0.086867	2.625525	2.922805	-0.000015	0.000308
0.086933	2.612627	2.732894	0.000308	0.000630
0.087000	2.598763	2.846712	0.000308	0.000630
0.087067	2.584898	2.688398	0.000308	0.000308
0.087133	2.572324	2.455604	-0.000015	0.000952
0.087200	2.561361	2.920548	0.000630	0.000308
0.087267	2.547819	2.776422	0.000308	-0.000015
0.087333	2.532342	2.643581	0.000630	0.000308
0.087400	2.521057	2.696137	0.001275	-0.000015
0.087467	2.508805	2.686141	0.000630	0.000630
0.087533	2.492683	2.604567	0.000630	-0.000015
0.087600	2.482043	2.563618	0.001275	-0.000015
0.087667	2.470113	2.586510	0.000308	0.001275
0.087733	2.455281	2.665506	-0.000337	0.000308
0.087800	2.442384	2.368548	0.000952	0.000952
0.087867	2.428842	2.383057	0.000308	0.000630
0.087933	2.414333	2.225711	-0.000015	0.000630
0.088000	2.403048	2.236351	0.000952	0.000630
0.088067	2.390795	2.225711	0.000308	0.000952
0.088133	2.375964	2.216361	0.000952	0.000952
0.088200	2.363066	2.247959	-0.000015	0.000630
0.088267	2.352104	2.190244	0.000952	0.000308
0.088333	2.339207	2.223777	0.000308	0.000630
0.088400	2.325987	2.313412	0.000308	0.000308
0.088467	2.314379	2.304707	0.001275	0.000630
0.088533	2.300193	2.320828	0.000630	0.001275
0.088600	2.287618	2.134141	0.000308	0.000952
0.088667	2.273431	2.264725	0.000630	0.000630
0.088733	2.261501	2.285683	0.000308	0.000308
0.088800	2.248926	2.303739	0.000308	0.000630
0.088867	2.236351	2.338562	0.000308	0.001275
0.088933	2.223132	2.196048	-0.000015	0.000952
0.089000	2.209267	2.317604	0.000308	0.000308
0.089067	2.197660	2.279879	0.000308	0.000952
0.089133	2.183795	2.204431	-0.000015	0.000952
0.089200	2.171865	2.148328	0.000308	0.000308
0.089267	2.158646	2.053211	0.000308	0.000308
0.089333	2.144781	2.084165	0.000308	0.000308
0.089400	2.134786	2.169931	0.000630	0.000630
0.089467	2.120277	2.109314	0.001275	0.000630
0.089533	2.106412	2.119954	-0.000015	0.000952
0.089600	2.094160	2.063207	0.000630	0.000630
0.089667	2.081908	2.070623	-0.000015	0.000630
0.089733	2.068366	2.086422	-0.000015	0.000630
0.089800	2.055791	1.985179	0.000308	0.000630
0.089867	2.043538	1.951324	-0.000015	0.000630
0.089933	2.029996	1.969057	-0.000015	0.000630
0.090000	2.018389	1.972926	0.000630	0.000308
0.090067	2.004202	1.939394	-0.000337	0.000630
0.090133	1.991950	2.006137	0.000308	0.000630
0.090200	1.980020	1.897155	0.000308	0.000630
0.090267	1.967123	1.951001	-0.000015	0.000952
0.090333	1.952936	2.121566	-0.000015	-0.000015
0.090400	1.942940	2.211524	0.000630	0.000630
0.090467	1.929398	2.178314	-0.000015	-0.000015
0.090533	1.915856	2.122856	-0.000337	-0.000015
0.090600	1.903604	2.189599	0.000952	0.000630
0.090667	1.891352	2.129627	0.000630	0.000952
0.090733	1.876842	2.164772	0.000308	-0.000337
0.090800	1.864590	2.175412	0.000308	0.000630
0.090867	1.852015	2.214104	0.000630	0.000630
0.090933	1.837828	2.066431	0.000630	0.000308
0.091000	1.826221	2.089323	0.000308	-0.000015
0.091067	1.813969	2.117375	0.000308	0.000952
0.091133	1.800104	2.105123	-0.000015	-0.000015
0.091200	1.786885	2.084487	0.000308	0.000630
0.091267	1.774632	1.928109	0.000308	0.001275
0.091333	1.761413	1.921983	0.000308	0.000630
0.091400	1.748838	1.925852	-0.000015	-0.000015
0.091467	1.736586	1.875230	0.000630	0.000630
0.091533	1.723044	1.937782	0.000308	0.000308
0.091600	1.710791	1.927786	0.000308	-0.000015
0.091667	1.697572	1.710146	0.000308	0.000630
0.091733	1.684352	1.822674	0.000630	-0.000015
0.091800	1.673067	1.726268	0.000630	0.000308
0.091867	1.660170	1.800104	0.000308	0.000630
0.091933	1.645661	1.773343	0.000308	0.000308
0.092000	1.634376	1.539581	-0.000337	0.000630
0.092067	1.622123	1.685642	-0.000337	0.000952
0.092133	1.606969	1.608259	0.000308	0.000630
0.092200	1.597296	1.444465	0.000630	-0.000015
0.092267	1.582142	1.323876	-0.000337	0.000630
0.092333	1.568922	1.531521	-0.000337	-0.000015
0.092400	1.557637	1.442530	0.000630	0.000630
0.092467	1.543773	1.445110	-0.000015	-0.000015
0.092533	1.530553	1.421250	-0.000015	-0.000015
0.092600	1.518946	1.241979	-0.000015	0.000308
0.092667	1.506371	1.267451	-0.000337	0.000630
0.092733	1.491862	1.361601	0.000308	0.000308
0.092800	1.480254	1.427054	0.000952	0.000630
0.092867	1.468325	1.530231	-0.001627	0.001275
0.092933	1.455427	1.449301	0.000630	0.000630
0.093000	1.442208	1.447689	0.000308	0.000308
0.093067	1.429955	1.416091	-0.000015	0.000308
0.093133	1.414801	1.410287	-0.000660	-0.000015
0.093200	1.404161	1.189423	-0.000015	0.000308
0.093267	1.391264	1.213283	0.000308	0.000308
0.093333	1.377400	1.142994	-0.000015	-0.000015
0.093400	1.366115	1.119134	0.000630	0.000308
0.093467	1.352250	1.121391	-0.000015	0.000630
0.093533	1.340643	1.168788	0.000630	0.000630
0.093600	1.328713	1.272288	-0.000337	0.000630
0.093667	1.315171	1.290666	0.000308	0.000630
0.093733	1.301629	1.167498	-0.000015	0.000308
0.093800	1.290344	1.221344	0.000952	-0.000015
0.093867	1.278414	1.164919	-0.000015	0.000308
0.093933	1.263905	1.207479	-0.000015	-0.000015
0.094000	1.252297	1.226180	-0.000015	-0.000015
0.094067	1.239400	1.217152	-0.000015	0.000630
0.094133	1.225858	1.200064	-0.000337	0.000952
0.094200	1.213283	1.160405	-0.000337	-0.000015
0.094267	1.200386	1.175559	0.000308	0.000952
0.094333	1.187811	1.155246	0.000308	-0.000015
0.094400	1.176526	1.142671	0.000952	0.000308
0.094467	1.161372	1.161050	-0.000015	0.000952
0.094533	1.149442	1.143316	0.000630	-0.000337
0.094600	1.137512	1.145573	0.000308	0.000630
0.094667	1.124615	1.059162	0.000630	0.001275
0.094733	1.111396	1.044331	0.000630	0.000308
0.094800	1.100756	1.056905	-0.000015	0.000308
0.094867	1.085601	1.025952	0.000630	0.000308
0.094933	1.074961	1.083667	-0.000015	0.000308
0.095000	1.062064	1.046588	-0.000015	0.000308
0.095067	1.049167	1.041429	-0.000337	0.000308
0.095133	1.036592	1.034980	0.000308	-0.000015
0.095200	1.024018	1.064644	-0.000015	0.000308
0.095267	1.011765	1.124615	-0.000337	-0.000015
0.095333	0.998223	1.189746	-0.000015	-0.000337
0.095400	0.985648	1.123648	0.000308	0.000308
0.095467	0.971784	1.175237	-0.000660	0.000308
0.095533	0.959854	1.073349	-0.000015	0.000308
0.095600	0.946635	0.972429	0.000308	-0.000015
0.095667	0.935350	0.998546	-0.000015	0.000630
0.095733	0.919228	1.072059	0.000952	0.000952
0.095800	0.910845	1.018536	-0.000337	-0.000337
0.095867	0.896336	1.039172	0.000308	-0.000015
0.095933	0.883116	1.115265	0.000308	0.000308
0.096000	0.873766	0.933737	0.000308	-0.000337
0.096067	0.857967	1.030144	-0.000015	0.000308
0.096133	0.845392	0.991452	-0.000337	0.000308
0.096200	0.834429	0.986616	0.000308	0.000308
0.096267	0.821210	0.983391	0.000308	0.000630
0.096333	0.808635	0.870864	0.000308	0.000308
0.096400	0.797995	1.013377	-0.000015	0.000308
0.096467	0.781874	0.945022	-0.000015	0.000630
0.096533	0.769944	0.880859	-0.000015	-0.000015
0.096600	0.758659	0.882149	-0.000337	0.000308
0.096667	0.745117	0.930191	-0.000015	0.000630
0.096733	0.732220	0.858612	0.000630	-0.000015
0.096800	0.721257	0.973719	-0.000015	0.000308
0.096867	0.707070	0.938574	-0.000337	0.000308
0.096933	0.694496	0.829593	0.000308	0.000952
0.097000	0.683211	0.926966	-0.000015	0.000630
0.097067	0.669024	0.842813	-0.000337	-0.000015
0.097133	0.656449	0.773168	-0.000015	0.000308
0.097200	0.645164	0.836364	-0.000337	0.000630
0.097267	0.631622	0.781551	-0.000337	0.000630
0.097333	0.619047	0.725126	-0.000015	0.000630
0.097400	0.605505	0.692883	0.000308	0.000308
0.097467	0.592931	0.650323	0.000308	0.000308
0.097533	0.580678	0.714164	0.000630	0.000630
0.097600	0.569393	0.779939	-0.000660	-0.000015
0.097667	0.555206	0.678374	0.000308	0.000630
0.097733	0.541987	0.629365	0.000308	-0.000337
0.097800	0.530057	0.622272	-0.000015	-0.000015
0.097867	0.516193	0.686435	-0.000015	0.000308
0.097933	0.504263	0.639683	-0.000015	0.000952
0.098000	0.492333	0.563267	0.000308	0.000952
0.098067	0.480403	0.644197	-0.000015	0.000308
0.098133	0.466216	0.514903	0.000630	0.000308
0.098200	0.455576	0.543599	0.000308	0.000308
0.098267	0.441389	0.593575	0.000308	-0.000015
0.098333	0.427847	0.469118	0.000630	0.000308
0.098400	0.416240	0.508132	-0.000337	0.000630
0.098467	0.402375	0.484595	-0.000015	0.000308
0.098533	0.391090	0.471053	0.000630	0.000630
0.098600	0.379161	0.496524	0.000630	0.000952
0.098667	0.364329	0.437198	-0.000337	0.000630
0.098733	0.353044	0.407534	0.000630	0.000308
0.098800	0.340147	0.419142	-0.000015	0.000952
0.098867	0.326927	0.368843	0.000308	-0.000337
0.098933	0.315642	0.366586	0.000952	-0.000015
0.099000	0.304357	0.395604	0.000308	-0.000015
0.099067	0.290170	0.425913	-0.000015	0.000308
0.099133	0.277918	0.415595	-0.000015	0.000630
0.099200	0.265343	0.396572	-0.000337	0.000630
0.099267	0.252124	0.381740	-0.000015	0.000308
0.099333	0.239549	0.364329	0.000308	0.000630
0.099400	0.228909	0.313063	0.000308	0.000308
0.099467	0.215367	0.249544	0.000308	0.000308
0.099533	0.201825	0.223105	-0.000015	0.000630
0.099600	0.188606	0.294684	0.000308	0.000952
0.099667	0.179255	0.219236	0.000952	-0.000015
0.099733	0.164423	0.194732	-0.000015	0.000952
0.099800	0.153783	0.231811	-0.000015	-0.000015
0.099867	0.138307	0.157975	0.000630	-0.000015
0.099933	0.126699	0.176998	-0.000015	-0.000015
0.100000	0.112513	0.195377	0.000308	0.000630
0.100067	0.101550	0.151526	-0.000015	0.000630
0.100133	0.089943	0.173129	-0.000337	0.000630
0.100200	0.075756	0.077690	-0.000015	0.000308
0.100267	0.064148	0.145723	0.000630	-0.000015
0.100333	0.050929	0.122185	-0.000337	-0.000015
0.100400	0.039966	0.122830	0.000308	0.000630
0.100467	0.027069	0.111545	0.000308	0.000308
0.100533	0.013527	0.033840	-0.000015	0.000308
0.100600	0.001597	0.046737	0.000308	0.001275
0.100667	-0.010655	-0.011300	-0.000015	0.000308
0.100733	-0.024197	-0.001305	0.000630	0.000630
0.100800	-0.035160	-0.032258	0.000308	0.000630
0.100867	-0.050314	-0.014202	0.000308	0.000630
0.100933	-0.063533	0.010303	0.000630	0.000308
0.101000	-0.074173	-0.056762	0.000308	0.000308
0.101067	-0.087393	0.021910	-0.000015	0.000630
0.101133	-0.098355	0.015784	0.000630	0.000308
0.101200	-0.112542	-0.057085	-0.000337	-0.000015
0.101267	-0.124794	-0.012267	0.000630	0.000308
0.101333	-0.135757	-0.014202	-0.000015	0.000630
0.101400	-0.148654	-0.104482	0.000630	0.000630
0.101467	-0.162841	-0.124150	0.000308	0.000952
0.101533	-0.175093	-0.022585	0.000630	0.000630
0.101600	-0.185089	-0.074496	-0.000015	0.000308
0.101667	-0.198953	-0.136079	0.000630	0.000308
0.101733	-0.210238	-0.168000	0.001275	0.000630
0.101800	-0.224102	-0.150266	0.000308	0.000952
0.101867	-0.237644	-0.107706	-0.000015	0.000630
0.101933	-0.250219	-0.084491	0.000952	0.001275
0.102000	-0.259892	-0.106739	0.000630	0.000630
0.102067	-0.273111	-0.152523	0.000630	0.000952
0.102133	-0.285686	-0.181864	0.000952	0.000952
0.102200	-0.296649	-0.198630	0.000952	-0.000337
0.102267	-0.312125	-0.215074	0.000952	0.000630
0.102333	-0.322765	-0.246027	0.000308	0.000952
0.102400	-0.335017	-0.268920	0.000630	0.000308
0.102467	-0.348882	-0.288588	0.000952	0.000308
0.102533	-0.359522	-0.292135	0.000952	0.000308
0.102600	-0.371774	-0.250864	-0.000337	0.000952
0.102667	-0.386928	-0.171547	-0.000015	0.000952
0.102733	-0.399181	-0.299228	0.001275	0.000308
0.102800	-0.411433	-0.292135	0.000630	0.001275
0.102867	-0.424008	-0.224747	0.000308	0.000630
0.102933	-0.436905	-0.232808	-0.000015	0.000630
0.103000	-0.446900	-0.305677	0.000630	0.000952
0.103067	-0.462054	-0.288910	0.000308	-0.000015
0.103133	-0.473339	-0.292457	0.000308	0.000308
0.103200	-0.485914	-0.260537	0.000308	-0.000337
0.103267	-0.498811	-0.327279	0.000308	0.000630
0.103333	-0.512353	-0.410788	0.000630	0.000630
0.103400	-0.522993	-0.215074	-0.000015	0.000630
0.103467	-0.537180	-0.263116	0.000308	-0.000015
0.103533	-0.548787	-0.371774	0.000308	0.000630
0.103600	-0.562329	-0.470115	0.001275	0.000952
0.103667	-0.573614	-0.358232	-0.000337	-0.000015
0.103733	-0.587478	-0.437872	0.000630	0.000630
0.103800	-0.599086	-0.437227	0.000630	0.000308
0.103867	-0.611660	-0.470437	-0.000015	0.000308
0.103933	-0.622623	-0.470115	-0.000015	0.000952
0.104000	-0.636810	-0.400148	-0.000337	0.000308
0.104067	-0.648417	-0.494942	0.000630	0.000952
0.104133	-0.660025	-0.447222	0.000630	0.000630
0.104200	-0.673567	-0.472372	-0.000660	0.000630
0.104267	-0.686786	-0.533955	-0.000015	0.000308
0.104333	-0.699361	-0.570712	0.000630	0.001275
0.104400	-0.711291	-0.513965	0.000308	0.000630
0.104467	-0.724510	-0.549754	0.000308	0.000952
0.104533	-0.735473	-0.580707	0.000308	0.000630
0.104600	-0.748692	-0.618754	0.000630	0.000630
0.104667	-0.763524	-0.653254	0.000308	-0.000015
0.104733	-0.773842	-0.534278	-0.000015	0.000630
0.104800	-0.787706	-0.563941	-0.000015	0.000952
0.104867	-0.799636	-0.580385	0.000630	0.000308
0.104933	-0.811243	-0.588123	0.000630	0.000630
0.105000	-0.823818	-0.705809	0.000630	0.000952
0.105067	-0.837360	-0.651319	-0.000015	0.001275
0.105133	-0.849612	-0.687753	-0.000015	-0.000015
0.105200	-0.862832	-0.649385	0.001275	0.001275
0.105267	-0.874117	-0.823173	0.000630	0.000952
0.105333	-0.888303	-0.893462	0.001275	0.000630
0.105400	-0.900556	-0.887981	0.000952	0.000630
0.105467	-0.913453	-0.860575	0.000952	-0.000015
0.105533	-0.921191	-0.904425	0.000630	0.000952
0.105600	-0.935700	-0.824785	0.000308	0.001597
0.105667	-0.951177	-0.840907	0.000630	0.000952
0.105733	-0.961817	-0.911841	0.000308	0.000630
0.105800	-0.974392	-0.973747	0.000308	0.000308
0.105867	-0.987289	-1.057255	-0.000015	0.000308
0.105933	-0.997284	-1.024690	-0.000015	0.000952
0.106000	-1.011148	-1.074666	0.000308	0.000308
0.106067	-1.025013	-0.952466	0.000630	0.000952
0.106133	-1.034041	-1.025013	0.000630	0.000308
0.106200	-1.049840	-0.984709	0.000308	0.000630
0.106267	-1.060802	-0.998574	0.000952	-0.000015
0.106333	-1.071442	-1.045970	0.000952	-0.000015
0.106400	-1.085951	-0.955046	0.000952	0.000952
0.106467	-1.097881	-1.082405	0.000308	-0.000015
0.106533	-1.109811	-1.050484	0.000630	0.000308
0.106600	-1.121418	-1.082405	0.000308	0.000952
0.106667	-1.134316	-1.160110	-0.000015	-0.000337
0.106733	-1.146568	-1.181390	0.000308	0.000308
0.106800	-1.162044	-1.092400	-0.000015	0.001275
0.106867	-1.173007	-1.141087	-0.000015	0.000952
0.106933	-1.183969	-1.232011	0.000630	0.000308
0.107000	-1.197511	-1.292627	0.000308	0.000308
0.107067	-1.211376	-1.218147	-0.000015	0.000308
0.107133	-1.222338	-1.264254	-0.000015	0.000952
0.107200	-1.234913	-1.253936	0.000308	0.000308
0.107267	-1.247165	-1.315842	0.000630	0.000630
0.107333	-1.259417	-1.292950	0.000630	0.000952
0.107400	-1.272315	-1.310039	0.000308	0.000308
0.107467	-1.284889	-1.177198	-0.000337	-0.000015
0.107533	-1.295529	-1.280053	0.000630	0.000952
0.107600	-1.309716	-1.287469	-0.000015	0.000952
0.107667	-1.323580	-1.288113	0.000308	0.000952
0.107733	-1.332931	-1.222661	0.000308	0.000308
0.107800	-1.346150	-1.278118	0.000630	0.000308
0.107867	-1.360337	-1.290370	0.000308	0.000630
0.107933	-1.369365	-1.128834	0.000630	0.000630
0.108000	-1.382585	-1.182357	0.000630	0.001275
0.108067	-1.398061	-1.147535	-0.000015	-0.000015
0.108133	-1.407734	-1.186549	0.000630	0.000308
0.108200	-1.419664	-1.126577	-0.000015	0.000952
0.108267	-1.432239	-1.159787	0.000308	0.000308
0.108333	-1.444813	-1.072087	0.000308	0.000308
0.108400	-1.458033	-1.117872	-0.000015	0.000630
0.108467	-1.468028	-1.077246	-0.000015	0.000630
0.108533	-1.483504	-1.173007	0.000630	-0.000337
0.108600	-1.494467	-1.125288	0.000308	0.000952
0.108667	-1.508009	-1.154306	0.000308	0.000952
0.108733	-1.519616	-1.215245	0.000630	-0.000015
0.108800	-1.532513	-1.133026	0.000308	0.001275
0.108867	-1.545411	-1.151727	0.000308	-0.000015
0.108933	-1.557340	-1.161077	0.000308	0.000630
0.109000	-1.569593	-1.129157	-0.000015	0.000630
0.109067	-1.581200	-1.196222	0.000308	0.000308
0.109133	-1.594097	-1.201703	-0.000015	0.000630
0.109200	-1.606672	-1.210086	-0.000015	0.000630
0.109267	-1.619246	-1.185259	-0.000015	-0.000015
0.109333	-1.630854	-1.196544	-0.000337	0.000630
0.109400	-1.645363	-1.247165	0.000308	0.000952
0.109467	-1.657615	-1.300043	-0.000337	-0.000015
0.109533	-1.668255	-1.287469	0.000630	0.000952
0.109600	-1.681797	-1.314553	-0.000015	0.000308
0.109667	-1.692760	-1.228464	-0.000337	-0.000015
0.109733	-1.704690	-1.332608	0.000308	-0.000015
0.109800	-1.719199	-1.282955	-0.000337	0.000952
0.109867	-1.731451	-1.494145	-0.000015	0.000308
0.109933	-1.742091	-1.316810	-0.000015	0.000630
0.110000	-1.756600	-1.383230	-0.000660	0.000630
0.110067	-1.767885	-1.483504	0.000308	0.000630
0.110133	-1.779815	-1.460290	-0.000015	0.000952
0.110200	-1.793035	-1.338090	0.000308	-0.000015
0.110267	-1.805287	-1.538962	0.000630	-0.000015
0.110333	-1.816572	-1.669545	0.000630	0.000952
0.110400	-1.831404	-1.636335	-0.000015	0.000630
0.110467	-1.842044	-1.981977	-0.000015	0.000630
0.110533	-1.854941	-1.975206	0.000308	0.000308
0.110600	-1.868805	-2.047430	-0.000015	0.000308
0.110667	-1.880090	-1.902015	0.000630	-0.000337
0.110733	-1.892342	-1.870095	0.000630	-0.000015
0.110800	-1.905884	-1.840109	-0.000015	-0.000015
0.110867	-1.917814	-1.794324	-0.000015	0.000308
0.110933	-1.928454	-1.806577	0.000308	0.000630
0.111000	-1.941674	-1.686956	-0.000015	0.000630
0.111067	-1.953926	-1.833016	0.000630	-0.000015
0.111133	-1.967145	-1.896211	0.000630	0.000630
0.111200	-1.979075	-1.825600	-0.000015	-0.000015
0.111267	-1.991328	-1.669223	-0.000015	0.000308
0.111333	-2.001645	-1.705979	0.000308	0.000952
0.111400	-2.016477	-1.614088	-0.000015	-0.000015
0.111467	-2.028084	-1.590873	0.000630	-0.000015
0.111533	-2.038079	-1.639882	0.000630	0.000952
0.111600	-2.051944	-1.564434	-0.000337	0.000308
0.111667	-2.064841	-1.390323	0.000308	0.000630
0.111733	-2.076448	-1.532836	-0.000337	0.000308
0.111800	-2.090313	-1.571205	-0.000015	0.000630
0.111867	-2.102887	-1.554116	0.000308	0.000308
0.111933	-2.113527	-1.523163	0.000308	0.000308
0.112000	-2.125780	-1.584747	-0.000015	-0.000015
0.112067	-2.139322	-1.773044	0.000630	0.000630
0.112133	-2.149639	-1.688246	0.000308	0.000630
0.112200	-2.163181	-1.767885	-0.000015	0.000308
0.112267	-2.174466	-1.846558	-0.000015	0.000630
0.112333	-2.187363	-1.808834	-0.000337	0.000630
0.112400	-2.200260	-1.679863	-0.000015	0.000308
0.112467	-2.213157	-1.740157	-0.000337	-0.000015
0.112533	-2.223798	-1.940706	-0.000337	0.000308
0.112600	-2.237017	-1.840754	-0.000337	-0.000015
0.112667	-2.249914	-1.931356	0.000630	0.000952
0.112733	-2.260554	-2.198003	-0.000015	0.000308
0.112800	-2.275064	-2.185751	0.000630	-0.000015
0.112867	-2.286348	-2.207676	-0.000015	-0.000337
0.112933	-2.296989	-2.001968	-0.000337	0.000308
0.113000	-2.312143	-2.191555	-0.000337	0.000630
0.113067	-2.324072	-2.207031	0.000308	0.000308
0.113133	-2.335680	-2.336970	0.000308	0.000952
0.113200	-2.347610	-2.272484	-0.000015	-0.000015
0.113267	-2.359217	-2.427249	-0.000337	0.000630
0.113333	-2.371469	-2.117719	0.000308	0.000630
0.113400	-2.385011	-2.173499	-0.000660	0.000952
0.113467	-2.395974	-2.267003	0.000308	0.000952
0.113533	-2.408871	-2.187363	0.000308	0.000630
0.113600	-2.422090	-2.057103	-0.000015	0.000308
0.113667	-2.435955	-2.201228	0.000630	-0.000015
0.113733	-2.447885	-2.309563	-0.000337	0.000630
0.113800	-2.459492	-2.437244	0.000308	0.000630
0.113867	-2.471099	-2.255395	-0.000015	0.000308
0.113933	-2.484319	-2.780952	0.000308	0.000630
0.114000	-2.495926	-2.413385	-0.000660	0.000308
0.114067	-2.509468	-2.557187	-0.000015	0.000308
0.114133	-2.521720	-2.635215	0.000308	0.000952
0.114200	-2.534940	-2.896381	-0.000337	0.000630
0.114267	-2.546870	-2.933460	0.000308	0.000308
0.114333	-2.556865	-2.907666	-0.000015	0.000308
0.114400	-2.571374	-3.101445	0.000308	0.000630
0.114467	-2.583304	-3.024707	-0.000015	0.000308
0.114533	-2.594911	-3.066945	0.000630	0.000630
0.114600	-2.609098	-2.978600	0.000308	0.000630
0.114667	-2.619738	-2.706149	0.000630	-0.000015
0.114733	-2.631990	-2.495281	0.000630	0.000630
0.114800	-2.644243	-2.391782	0.000630	-0.000337
0.114867	-2.656495	-2.799330	0.000308	0.000308
0.114933	-2.669070	-2.782242	-0.000337	-0.000015
0.115000	-2.680355	-2.532038	-0.000337	0.000308
0.115067	-2.694219	-2.484964	0.000630	0.000308
0.115133	-2.707116	-2.577823	-0.000015	-0.000015
0.115200	-2.718079	-2.785466	0.000308	0.000308
0.115267	-2.730008	-2.929591	-0.000015	0.000308
0.115333	-2.743550	-2.893801	0.000630	0.000308
0.115400	-2.754513	-2.621350	0.000630	0.000630
0.115467	-2.765798	-2.612967	0.000308	-0.000015
0.115533	-2.778050	-2.348899	0.000308	0.000952
0.115600	-2.790625	-2.376951	0.000308	0.000630
0.115667	-2.802232	-2.380820	0.000308	-0.000015
0.115733	-2.814807	-2.421123	0.000308	0.000308
0.115800	-2.828994	-2.463361	0.000630	0.000308
0.115867	-2.840601	-2.658752	-0.000015	0.000952
0.115933	-2.852208	-2.336325	-0.000015	0.000308
0.116000	-2.865105	-2.389525	-0.000015	-0.000015
0.116067	-2.875423	-2.566215	0.000952	0.000308
0.116133	-2.888965	-3.076295	-0.000015	0.000630
0.116200	-2.902507	-3.057917	0.000630	0.000630
0.116267	-2.914759	-3.079842	0.000308	0.000308
0.116333	-2.926044	-3.022450	-0.000337	-0.000015
0.116400	-2.939264	-2.688093	-0.000337	0.000308
0.116467	-2.947969	-3.127239	0.000308	0.000952
0.116533	-2.962801	-3.113052	0.000308	-0.000015
0.116600	-2.975375	-3.060819	-0.000337	-0.000015
0.116667	-2.986660	-2.980534	0.000630	0.000630
0.116733	-2.997945	-2.835120	-0.000660	0.000630
0.116800	-3.011810	-3.024062	0.000308	0.000630
0.116867	-3.023095	-2.878002	0.000630	0.000630
0.116933	-3.034702	-3.033090	0.000630	0.000308
0.117000	-3.045987	-2.647145	-0.000015	-0.000015
0.117067	-3.055982	-2.604262	0.000952	0.000952
0.117133	-3.067590	-2.622318	-0.000015	0.000630
0.117200	-3.079197	-2.508178	0.000308	0.000308
0.117267	-2.989885	-2.372437	0.000952	0.000308
0.117333	-2.976020	-2.485931	-0.000015	0.000630
0.117400	-2.962156	-2.449819	-0.000015	0.000308
0.117467	-2.948614	-2.601037	-0.000015	0.000952
0.117533	-2.936039	-2.658430	0.000308	-0.000015
0.117600	-2.924432	-2.876068	0.000630	0.000308
0.117667	-2.910245	-3.130785	0.000308	0.000308
0.117733	-2.897671	-3.037604	-0.000015	0.000952
0.117800	-2.885418	-2.824157	-0.000015	0.000630
0.117867	-2.869619	-2.624575	-0.000015	0.000630
0.117933	-2.858657	-3.074683	0.000308	0.000952
0.118000	-2.846082	-2.809325	0.000630	-0.000015
0.118067	-2.831573	-2.649724	-0.000015	0.000308
0.118133	-2.819321	-2.638761	0.000630	0.001275
0.118200	-2.807391	-2.673584	0.000308	0.000308
0.118267	-2.794816	-2.699700	0.000630	0.000308
0.118333	-2.782886	-2.598458	0.000308	-0.000015
0.118400	-2.770957	-2.857045	0.000630	0.000308
0.118467	-2.756770	-2.896381	0.000630	0.000630
0.118533	-2.744840	-2.842213	0.000630	0.000630
0.118600	-2.733555	-2.870264	0.000308	0.000952
0.118667	-2.721303	-2.908633	0.000308	0.000308
0.118733	-2.708083	-3.032445	0.000308	0.000630
0.118800	-2.695509	-3.041796	-0.000337	0.000630
0.118867	-2.681644	-2.940876	0.000308	-0.000015
0.118933	-2.668747	-2.886386	0.000308	0.000630
0.119000	-2.658430	-2.885418	0.000952	0.000630
0.119067	-2.643275	-2.816419	0.000308	0.000952
0.119133	-2.630701	-2.674873	0.000630	0.000308
0.119200	-2.620383	-2.617481	-0.000015	-0.000015
0.119267	-2.606196	-2.652948	-0.000015	0.000308
0.119333	-2.593622	-2.723882	0.000630	0.000630
0.119400	-2.582982	-2.898638	0.000308	0.000308
0.119467	-2.569117	-2.664556	0.000308	-0.000337
0.119533	-2.557187	-2.833830	-0.000015	0.000952
0.119600	-2.545902	-2.836732	0.000630	-0.000015
0.119667	-2.530103	-2.595879	0.000952	0.001597
0.119733	-2.519786	-2.910568	0.000630	0.000630
0.119800	-2.509791	-2.833830	0.000308	-0.000015
0.119867	-2.494959	-2.815129	-0.000015	0.000952
0.119933	-2.482384	-2.745807	-0.000015	0.000308
0.120000	-2.469810	-2.764508	0.000308	0.000308
0.120067	-2.457557	-2.512370	0.000630	0.000630
0.120133	-2.444983	-2.527524	0.000630	0.000630
0.120200	-2.432086	-2.646822	0.000308	-0.000015
0.120267	-2.420156	-2.349867	-0.000015	0.000630
0.120333	-2.408226	-2.567827	0.000630	0.000308
0.120400	-2.397586	-2.753868	0.000630	0.000952
0.120467	-2.384689	-2.613290	-0.000015	0.000630
0.120533	-2.373081	-2.610710	0.000630	0.000952
0.120600	-2.356960	-2.423380	0.000630	0.000630
0.120667	-2.346320	-2.467875	0.000952	0.000630
0.120733	-2.334713	-2.466585	0.000630	0.000308
0.120800	-2.321815	-2.310531	0.000308	0.000308
0.120867	-2.308918	-2.111593	0.000308	0.000630
0.120933	-2.296666	-2.239597	-0.000015	0.000630
0.121000	-2.284736	-2.290862	0.000630	0.000308
0.121067	-2.272484	-2.435632	0.000630	0.000308
0.121133	-2.261522	-2.468197	0.000630	0.000308
0.121200	-2.250559	-2.287316	-0.000015	0.000308
0.121267	-2.234760	-2.436922	0.000308	0.000952
0.121333	-2.224120	-2.526557	0.000630	0.000952
0.121400	-2.212835	-2.477548	-0.000015	0.000630
0.121467	-2.198326	-2.344063	0.000308	0.000630
0.121533	-2.187363	-2.476581	-0.000015	0.000308
0.121600	-2.175756	-2.364053	0.000630	0.000308
0.121667	-2.161892	-2.254106	0.000630	0.000630
0.121733	-2.151896	-2.375983	0.000308	0.000952
0.121800	-2.138999	-2.128037	0.000308	0.000952
0.121867	-2.123200	-2.228634	0.000630	0.000308
0.121933	-2.113527	-2.226377	-0.000015	0.000630
0.122000	-2.100953	-2.222508	0.000630	0.000630
0.122067	-2.088701	-2.274096	0.000308	0.000630
0.122133	-2.076126	-2.496893	0.000952	0.000308
0.122200	-2.066776	-2.352446	0.000308	0.000952
0.122267	-2.051299	-2.367600	-0.000015	0.000630
0.122333	-2.040659	-2.301825	0.000630	0.000308
0.122400	-2.027117	-2.318269	-0.000015	0.000308
0.122467	-2.013897	-2.267325	0.000308	0.000630
0.122533	-2.002290	-2.261844	-0.000660	0.000308
0.122600	-1.990038	-2.033243	0.000308	0.000308
0.122667	-1.978108	-2.264746	0.000952	0.000630
0.122733	-1.966178	-2.145448	0.000308	0.000630
0.122800	-1.952959	-2.165438	-0.000015	0.000952
0.122867	-1.940062	-2.095149	0.000952	0.001275
0.122933	-1.928132	-1.972304	0.000308	-0.000015
0.123000	-1.916524	-1.994229	0.000308	0.000630
0.123067	-1.903305	-1.914590	0.000630	0.000952
0.123133	-1.893954	-1.734031	0.000630	0.000308
0.123200	-1.878800	-1.773689	0.000308	0.000630
0.123267	-1.866548	-1.895244	0.000630	0.000308
0.123333	-1.856875	-1.889118	-0.000015	0.000952
0.123400	-1.843333	-1.874609	-0.000337	-0.000337
0.123467	-1.831726	-1.678573	0.000308	0.001597
0.123533	-1.820763	-1.696951	-0.000015	0.000630
0.123600	-1.807222	-1.657293	0.000952	-0.000015
0.123667	-1.793035	-1.616989	0.000308	-0.000015
0.123733	-1.782072	-1.685989	-0.000015	0.000630
0.123800	-1.771432	-1.786586	-0.000015	0.000952
0.123867	-1.758213	-1.889118	0.000308	0.000630
0.123933	-1.744993	-1.882025	0.000630	0.000630
0.124000	-1.734353	-1.806899	0.000630	-0.000337
0.124067	-1.719521	-1.733063	0.000308	0.000308
0.124133	-1.710816	-1.880090	-0.000015	0.000630
0.124200	-1.697596	-1.734353	-0.000337	0.000308
0.124267	-1.683087	-1.867515	-0.000015	0.000952
0.124333	-1.673092	-1.780460	-0.000015	0.000952
0.124400	-1.661484	-1.793357	0.000630	0.000308
0.124467	-1.647298	-1.800451	-0.000015	0.000630
0.124533	-1.636335	-1.631176	-0.000015	0.000630
0.124600	-1.622148	-1.520584	0.000308	0.000630
0.124667	-1.612475	-1.476734	0.000308	-0.000015
0.124733	-1.599578	-1.497046	-0.000337	0.000308
0.124800	-1.586359	-1.494789	-0.000337	-0.000337
0.124867	-1.575074	-1.545088	0.000952	0.000630
0.124933	-1.561854	-1.657615	-0.000982	-0.000015
0.125000	-1.550892	-1.506074	0.000308	0.000308
0.125067	-1.537672	-1.560565	0.000630	0.000308
0.125133	-1.526387	-1.544443	0.000630	0.000630
0.125200	-1.513168	-1.470285	-0.000015	0.000308
0.125267	-1.500271	-1.552504	0.000308	0.000952
0.125333	-1.490920	-1.715007	0.000308	-0.000337
0.125400	-1.475444	-1.538962	0.000952	-0.000015
0.125467	-1.464804	-1.553471	0.000308	-0.000015
0.125533	-1.453196	-1.464159	0.000630	0.000308
0.125600	-1.440299	-1.431594	0.000630	-0.000015
0.125667	-1.428369	-1.475766	0.000630	0.000308
0.125733	-1.417407	-1.449972	0.000308	0.000630
0.125800	-1.404510	-1.463514	-0.000015	0.000308
0.125867	-1.391290	-1.356146	0.000308	0.000308
0.125933	-1.379038	-1.367753	-0.000337	0.000308
0.126000	-1.368398	-1.404832	-0.000015	0.000308
0.126067	-1.354534	-1.458678	-0.000015	0.000952
0.126133	-1.345183	-1.523163	0.000308	0.000308
0.126200	-1.332286	-1.563144	-0.000015	-0.000660
0.126267	-1.320356	-1.563144	0.000308	0.000630
0.126333	-1.307459	-1.541864	-0.000015	-0.000015
0.126400	-1.294884	-1.323580	-0.000337	0.000630
0.126467	-1.282955	-1.406444	-0.000015	0.001275
0.126533	-1.269413	-1.340347	0.000630	0.000630
0.126600	-1.258128	-1.415795	-0.000015	0.000308
0.126667	-1.245231	-1.449972	-0.000015	0.000630
0.126733	-1.234591	-1.381617	-0.000015	0.000308
0.126800	-1.223306	-1.354534	0.000308	0.000308
0.126867	-1.209441	-1.324548	0.000308	0.000630
0.126933	-1.198479	-1.356146	0.000952	0.000308
0.127000	-1.184292	-1.327127	-0.000015	0.000630
0.127067	-1.173329	-1.378716	0.000308	-0.000015
0.127133	-1.162367	-1.217824	0.000308	0.000308
0.127200	-1.149147	-1.267156	0.000308	-0.000015
0.127267	-1.138507	-1.311006	0.000308	0.000308
0.127333	-1.124965	-1.201058	-0.000015	0.000952
0.127400	-1.113680	-1.336155	0.000630	0.000630
0.127467	-1.098849	-1.310683	-0.000015	0.000952
0.127533	-1.089821	-1.177521	-0.000015	0.000308
0.127600	-1.075956	-1.253291	-0.000015	0.000630
0.127667	-1.063382	-1.209441	0.000308	0.000630
0.127733	-1.053709	-1.173652	-0.000015	-0.000015
0.127800	-1.039844	-1.230721	0.000308	0.000630
0.127867	-1.026625	-1.188483	-0.000015	0.000308
0.127933	-1.016952	-1.121741	-0.000015	-0.000015
0.128000	-1.002120	-1.062737	0.000630	0.000308
0.128067	-0.992447	-1.153339	-0.000015	0.000308
0.128133	-0.979550	-1.223950	0.000308	0.000308
0.128200	-0.967621	-1.119161	0.000308	0.000308
0.128267	-0.954079	-1.113358	-0.000015	0.000630
0.128333	-0.941826	-1.090465	-0.000337	0.000630
0.128400	-0.929574	-1.169783	0.000952	0.000308
0.128467	-0.918934	-1.110778	0.000308	0.000630
0.128533	-0.906682	-1.039199	-0.000015	0.000308
0.128600	-0.893462	-1.005989	-0.000015	0.000630
0.128667	-0.880888	-1.067573	-0.000015	0.000308
0.128733	-0.869603	-1.044036	-0.000337	0.000308
0.128800	-0.857673	-0.976971	0.000308	0.000952
0.128867	-0.843486	-1.033073	0.000308	0.000308
0.128933	-0.832846	-0.971167	-0.000015	0.000308
0.129000	-0.820271	-0.920546	0.000952	0.000630
0.129067	-0.808341	-0.955368	-0.000015	0.000952
0.129133	-0.798346	-0.895719	-0.000015	0.000308
0.129200	-0.783514	-0.837682	-0.000015	0.000308
0.129267	-0.772229	-0.862509	0.000308	0.000308
0.129333	-0.760300	-0.866378	-0.000015	-0.000015
0.129400	-0.748370	-0.856705	-0.000337	-0.000015
0.129467	-0.735150	-0.791898	-0.000015	0.000308
0.129533	-0.723220	-0.905714	0.000308	-0.000337
0.129600	-0.711613	-0.844776	0.000308	0.000630
0.129667	-0.698394	-0.835748	0.000308	0.000952
0.129733	-0.688076	-0.808664	-0.000015	-0.000015
0.129800	-0.674534	-0.772229	0.000308	-0.000015
0.129867	-0.662282	-0.790285	-0.000015	-0.000015
0.129933	-0.650997	-0.769328	-0.000337	-0.000337
0.130000	-0.638744	-0.769328	-0.000337	0.000308
0.130067	-0.626170	-0.725800	-0.000337	0.000952
0.130133	-0.615207	-0.825752	0.000630	0.000308
0.130200	-0.603600	-0.729024	0.000630	0.000308
0.130267	-0.590703	-0.772874	0.000308	0.000308
0.130333	-0.578128	-0.732571	0.000308	0.000308
0.130400	-0.565876	-0.643581	0.000952	0.000630
0.130467	-0.554591	-0.581352	0.000308	0.000952
0.130533	-0.541371	-0.712903	0.000630	-0.000015
0.130600	-0.530086	-0.697426	0.000308	0.000308
0.130667	-0.518479	-0.556203	0.000308	0.000630
0.130733	-0.505259	-0.660347	-0.000015	-0.000337
0.130800	-0.493652	-0.566521	-0.000337	0.000630
0.130867	-0.480755	-0.615530	-0.000337	0.000952
0.130933	-0.469792	-0.616819	0.000308	0.000630
0.131000	-0.455928	-0.538792	0.000308	-0.000337
0.131067	-0.445288	-0.522670	-0.000660	0.000630
0.131133	-0.434648	-0.509128	-0.000015	-0.000015
0.131200	-0.421751	-0.470760	-0.000337	0.000308
0.131267	-0.408853	-0.504937	-0.000015	0.000308
0.131333	-0.397568	-0.556525	-0.000015	0.000308
0.131400	-0.386283	-0.418204	0.000630	0.000308
0.131467	-0.370807	-0.516222	-0.000337	0.000308
0.131533	-0.361779	-0.446900	0.000308	0.000308
0.131600	-0.348237	-0.491395	0.000308	0.000952
0.131667	-0.337919	-0.368872	-0.000337	0.000308
0.131733	-0.323732	-0.455605	0.000308	0.000308
0.131800	-0.313415	-0.385316	0.000952	0.000952
0.131867	-0.298906	-0.435293	0.000630	0.000952
0.131933	-0.289233	-0.389830	0.000308	-0.000015
0.132000	-0.276336	-0.293747	-0.000015	0.000952
0.132067	-0.263116	-0.410466	-0.000015	0.000952
0.132133	-0.251831	-0.408531	-0.000015	-0.000015
0.132200	-0.238934	-0.382092	-0.000015	0.000952
0.132267	-0.226037	-0.421106	-0.000337	0.000630
0.132333	-0.216364	-0.341144	0.000308	0.000630
0.132400	-0.203467	-0.348882	0.000308	0.000952
0.132467	-0.191859	-0.248607	-0.000015	0.000308
0.132533	-0.179607	-0.265051	0.000308	0.000630
0.132600	-0.166388	-0.276336	-0.000337	0.001275
0.132667	-0.154458	-0.337274	-0.000337	0.000952
0.132733	-0.143495	-0.260537	0.000630	0.000630
0.132800	-0.130276	-0.330181	-0.000015	0.000308
0.132867	-0.118023	-0.308578	0.000308	0.000630
0.132933	-0.106739	-0.303097	0.000630	-0.000015
0.133000	-0.094164	-0.327924	-0.000015	0.000630
0.133067	-0.084169	-0.258602	-0.000015	0.000630
0.133133	-0.069982	-0.197663	-0.000015	0.000630
0.133200	-0.057407	-0.203789	0.000630	0.000630
0.133267	-0.044187	-0.263438	0.000308	-0.000015
0.133333	-0.033547	-0.259247	-0.000015	-0.000015


